MODEL: mixtral_8x7b
TOKEN_COUNT: 128
ACTIVE_EXPERTS: 2
================================================================================
PROMPT TEXT:
Concept work for Valkyria Chronicles III began after development finished on Valkyria Chronicles II in early 2010 , with full development beginning shortly after this . The director of Valkyria Chronicles II , Takeshi Ozawa , returned to that role for Valkyria Chronicles III . Development work took approximately one year . After the release of Valkyria Chronicles II , the staff took a look at both the popular response for the game and what they wanted to do next for the series . Like its predecessor , Valkyria Chronicles III was developed for PlayStation Portable : this was due to the team wanting to refine the mechanics created for Valkyria Chronicles II , and they had not come up with the " revolutionary " idea that would warrant a new entry for the PlayStation 3 . Speaking in an interview , it was stated that the development team considered Valkyria Chronicles III to be the series ' first true sequel : while Valkyria Chronicles II had required a large amount of trial and error during development due to the platform move , the third game gave them a chance to improve upon the best parts of Valkyria Chronicles II due to being on the same platform . In addition to Sega staff from the previous games , development work was also handled by <unk> The original scenario was written Kazuki Yamanobe , while the script was written by Hiroyuki Fujii , Koichi Majima , <unk> Miyagi , Seiki <unk> and Takayuki <unk> . Its story was darker and more somber than that of its predecessor .
================================================================================
GENERATED TEXT:
The game's story was written with the intention of being a stand-alone story , and was not intended to be a direct sequel to Valkyria Chronicles II . The game's story was also written with the intention of being a stand-alone story , and was not intended to be a direct sequel to Valkyria Chronicles II . The game's story was also written with the intention of being a stand-alone story , and was not intended to be a direct sequel to Valkyria Chronicles II . The game's story was also written with the intention of being a stand-
================================================================================
EXPERT TRACE (Per token, list of layer expert IDs):
================================================================================
Token   0: [3,5] [0,5] [2,3] [2,3] [6,7] [5,6] [2,6] [0,6] [4,6] [4,6] [0,2] [1,4] [3,6] [2,3] [5,7] [0,3] [3,7] [2,5] [0,2] [1,4] [0,5] [0,1] [0,5] [4,7] [0,7] [1,6] [3,5] [5,6] [1,2] [3,6] [0,1] [3,5]
Token   1: [2,7] [1,2] [5,7] [3,5] [1,2] [1,4] [5,7] [2,6] [0,4] [4,7] [1,3] [2,4] [4,5] [2,7] [1,4] [2,4] [0,1] [2,5] [6,7] [0,3] [2,7] [0,3] [3,4] [1,6] [1,7] [0,6] [4,6] [1,2] [6,7] [1,6] [2,4] [0,6]
Token   2: [4,6] [4,7] [1,3] [2,3] [6,7] [1,6] [0,1] [4,6] [1,7] [2,4] [0,4] [2,3] [0,3] [1,2] [2,7] [2,4] [3,7] [3,7] [1,7] [0,1] [2,6] [2,7] [2,4] [0,2] [1,3] [6,7] [2,3] [1,3] [3,5] [0,1] [5,7] [1,5]
Token   3: [0,6] [2,6] [0,1] [1,2] [5,6] [0,6] [2,3] [0,7] [4,6] [0,7] [0,2] [0,2] [5,6] [3,5] [5,7] [4,6] [3,7] [2,5] [0,2] [1,4] [0,5] [0,1] [0,5] [4,7] [0,7] [1,6] [3,5] [5,6] [1,2] [3,6] [0,1] [3,5]
Token   4: [2,4] [2,4] [1,4] [1,3] [0,4] [1,5] [6,7] [0,7] [3,4] [4,7] [3,5] [5,7] [4,5] [5,7] [3,4] [4,7] [0,1] [0,2] [6,7] [0,5] [1,7] [0,4] [3,4] [1,6] [1,6] [0,6] [1,4] [2,6] [5,7] [1,6] [2,4] [0,6]
Token   5: [0,1] [6,7] [6,7] [3,5] [2,5] [1,2] [2,4] [6,7] [0,5] [4,7] [2,5] [0,6] [3,5] [5,7] [1,4] [2,4] [5,7] [1,4] [5,6] [4,6] [0,4] [2,6] [0,3] [1,5] [2,3] [5,7] [2,4] [2,5] [6,7] [0,2] [1,4] [4,6]
Token   6: [5,6] [1,3] [2,6] [0,1] [4,7] [3,4] [6,7] [6,7] [0,6] [3,4] [5,6] [0,6] [2,4] [5,7] [3,4] [2,4] [1,7] [0,1] [4,7] [2,5] [4,5] [2,6] [0,3] [1,3] [3,5] [4,7] [1,6] [0,3] [0,4] [0,2] [4,6] [0,4]
Token   7: [4,6] [4,7] [2,3] [5,7] [2,5] [1,2] [0,3] [1,6] [0,5] [3,6] [4,7] [0,6] [1,6] [4,5] [1,5] [2,6] [2,5] [1,4] [1,3] [4,7] [0,2] [0,6] [1,5] [2,7] [0,3] [3,5] [0,7] [3,4] [1,6] [3,4] [0,3] [3,6]
Token   8: [5,7] [0,3] [5,6] [6,7] [3,5] [1,5] [0,6] [1,5] [3,6] [4,6] [3,4] [0,1] [5,6] [3,6] [1,7] [3,6] [2,3] [2,5] [0,2] [4,6] [1,5] [0,7] [0,5] [4,7] [0,2] [1,6] [3,5] [5,6] [1,2] [3,6] [1,7] [3,5]
Token   9: [2,7] [1,4] [4,5] [6,7] [0,3] [4,6] [0,7] [3,6] [1,6] [3,4] [5,6] [6,7] [1,5] [3,5] [0,2] [2,4] [2,3] [1,7] [4,7] [5,6] [2,3] [5,6] [1,4] [3,6] [0,6] [4,7] [1,6] [1,3] [0,4] [0,6] [4,6] [0,4]
Token  10: [2,5] [1,6] [5,7] [6,7] [3,7] [0,4] [0,1] [1,6] [0,5] [5,6] [4,7] [4,6] [1,6] [3,4] [1,2] [1,6] [2,4] [1,4] [3,6] [0,3] [2,4] [2,6] [4,7] [2,5] [1,6] [0,5] [4,6] [2,3] [6,7] [3,5] [1,4] [4,6]
Token  11: [0,7] [2,7] [6,7] [5,7] [3,6] [5,6] [1,4] [6,7] [4,5] [1,5] [4,7] [0,6] [1,6] [1,5] [1,7] [1,2] [6,7] [1,7] [5,6] [4,6] [0,4] [4,6] [0,3] [1,5] [0,3] [2,5] [2,7] [2,5] [1,6] [0,2] [1,4] [3,6]
Token  12: [4,6] [3,4] [1,6] [4,5] [3,4] [3,6] [0,7] [4,7] [3,5] [1,5] [3,4] [0,1] [5,6] [1,6] [5,7] [1,4] [0,1] [6,7] [0,2] [3,6] [0,5] [3,4] [0,5] [1,7] [0,2] [2,6] [3,7] [5,6] [1,3] [3,6] [1,3] [1,3]
Token  13: [3,6] [2,4] [1,3] [4,6] [0,3] [0,5] [3,7] [6,7] [1,3] [2,5] [3,5] [0,7] [2,5] [1,5] [6,7] [2,4] [0,1] [1,6] [5,7] [1,6] [3,5] [6,7] [3,7] [2,4] [4,6] [1,2] [1,7] [3,4] [0,5] [1,2] [5,7] [1,5]
Token  14: [0,6] [2,4] [2,4] [0,6] [4,7] [1,7] [5,6] [2,5] [3,4] [0,6] [0,1] [1,2] [4,6] [0,7] [4,7] [0,5] [5,7] [6,7] [1,6] [3,7] [3,4] [1,3] [0,6] [3,5] [5,6] [4,7] [1,5] [0,2] [2,6] [1,4] [5,7] [1,5]
Token  15: [1,3] [1,6] [1,2] [5,7] [3,6] [0,5] [5,7] [2,6] [4,5] [0,5] [3,5] [5,7] [2,6] [1,5] [3,6] [1,6] [4,7] [1,6] [2,4] [1,4] [2,5] [2,4] [0,5] [0,7] [0,6] [2,6] [3,5] [5,6] [1,2] [6,7] [1,3] [3,5]
Token  16: [1,4] [2,5] [1,5] [1,6] [0,4] [1,5] [6,7] [0,2] [3,4] [4,7] [3,5] [5,7] [4,5] [4,7] [0,3] [4,7] [1,7] [0,1] [2,4] [2,5] [1,7] [2,4] [3,6] [1,6] [2,6] [3,4] [1,6] [0,2] [4,7] [0,2] [2,6] [0,4]
Token  17: [0,1] [6,7] [0,6] [4,5] [1,5] [2,3] [1,5] [2,6] [0,5] [2,5] [0,5] [4,7] [3,5] [4,7] [0,3] [0,5] [2,5] [2,4] [2,5] [2,3] [0,2] [2,6] [3,4] [1,6] [2,4] [0,5] [2,4] [2,7] [3,7] [0,5] [4,6] [4,6]
Token  18: [3,5] [0,6] [3,7] [4,6] [3,6] [3,7] [1,5] [5,6] [0,5] [5,6] [0,5] [4,7] [3,5] [2,4] [0,1] [0,6] [2,5] [2,4] [1,5] [0,7] [0,2] [5,6] [4,5] [1,5] [1,4] [0,1] [4,7] [2,6] [3,7] [4,5] [0,4] [6,7]
Token  19: [3,7] [0,3] [6,7] [2,5] [2,5] [1,6] [1,4] [0,6] [4,7] [4,7] [2,5] [0,6] [5,6] [3,5] [4,7] [2,4] [5,7] [1,4] [5,6] [4,6] [0,4] [2,6] [0,3] [1,5] [2,3] [5,7] [2,4] [2,5] [6,7] [0,2] [1,4] [4,6]
Token  20: [4,6] [0,2] [2,4] [1,4] [2,5] [2,6] [1,4] [0,6] [1,5] [2,5] [5,6] [6,7] [3,6] [3,5] [5,7] [2,6] [4,7] [1,3] [5,6] [0,6] [0,7] [4,6] [0,3] [1,7] [0,2] [5,7] [2,7] [2,5] [2,6] [0,2] [1,4] [4,6]
Token  21: [4,6] [3,4] [2,6] [4,6] [0,5] [4,6] [3,7] [6,7] [1,6] [4,5] [5,6] [6,7] [1,3] [3,5] [2,7] [2,6] [4,7] [1,3] [4,7] [5,6] [2,3] [3,5] [3,4] [2,6] [0,6] [4,7] [1,6] [0,3] [0,4] [0,2] [4,6] [0,4]
Token  22: [4,6] [0,4] [3,7] [4,6] [3,6] [0,4] [0,4] [1,6] [0,5] [2,5] [4,7] [0,7] [1,6] [1,4] [1,7] [1,6] [4,7] [3,4] [6,7] [0,3] [2,7] [2,6] [3,4] [1,5] [1,2] [0,5] [4,6] [2,5] [6,7] [3,6] [1,2] [3,6]
Token  23: [5,7] [3,4] [4,6] [4,5] [5,6] [4,5] [0,4] [4,6] [0,5] [2,5] [4,7] [0,6] [1,6] [1,3] [5,7] [2,6] [4,7] [1,3] [5,6] [4,6] [0,4] [4,6] [0,3] [1,5] [0,2] [5,7] [2,7] [2,5] [6,7] [0,2] [1,4] [4,6]
Token  24: [5,6] [1,4] [1,6] [4,5] [3,4] [3,6] [0,7] [4,7] [5,6] [2,5] [3,4] [0,7] [2,6] [1,4] [5,7] [1,4] [0,7] [6,7] [0,2] [3,6] [0,5] [3,4] [0,5] [1,7] [0,2] [2,6] [3,7] [5,6] [1,3] [3,6] [1,3] [1,3]
Token  25: [2,3] [1,4] [1,2] [6,7] [5,7] [0,7] [0,7] [6,7] [5,6] [2,5] [3,5] [6,7] [2,6] [1,5] [6,7] [1,6] [3,7] [1,3] [0,3] [0,6] [0,5] [0,2] [0,5] [0,2] [0,5] [2,6] [3,6] [5,6] [1,2] [6,7] [1,3] [1,3]
Token  26: [2,3] [3,4] [1,4] [0,6] [0,2] [3,5] [2,5] [6,7] [1,5] [2,4] [2,3] [5,7] [2,4] [1,7] [3,5] [4,7] [0,1] [0,1] [4,7] [1,3] [1,5] [0,4] [2,7] [1,3] [1,5] [2,3] [0,4] [1,7] [5,6] [2,3] [3,5] [1,5]
Token  27: [2,3] [4,7] [1,5] [0,4] [0,6] [3,5] [5,7] [2,7] [1,5] [2,5] [3,5] [5,7] [4,5] [5,7] [0,3] [4,7] [1,3] [0,1] [2,4] [2,5] [5,7] [2,3] [2,6] [1,6] [5,6] [4,7] [1,6] [0,3] [4,7] [2,6] [2,6] [0,4]
Token  28: [1,4] [6,7] [5,7] [4,6] [3,7] [0,4] [1,7] [1,2] [5,6] [0,3] [4,7] [0,1] [1,2] [0,4] [1,5] [1,6] [4,5] [1,5] [1,6] [4,7] [5,6] [3,6] [0,5] [2,7] [3,5] [3,5] [0,7] [4,7] [1,4] [3,4] [0,4] [2,7]
Token  29: [5,7] [5,7] [0,3] [1,6] [5,6] [1,4] [5,7] [2,7] [5,6] [0,5] [1,3] [1,2] [0,1] [0,1] [5,7] [1,6] [0,5] [3,7] [1,5] [1,3] [2,5] [1,4] [0,2] [3,6] [0,5] [2,6] [3,4] [2,5] [2,6] [0,3] [3,5] [1,5]
Token  30: [2,3] [4,5] [1,3] [1,6] [0,2] [0,1] [1,3] [2,5] [2,7] [0,6] [3,7] [2,7] [0,5] [0,1] [2,6] [1,5] [1,2] [3,6] [5,7] [0,1] [2,7] [1,4] [0,7] [4,7] [0,5] [0,4] [0,7] [4,7] [5,7] [0,2] [3,5] [1,5]
Token  31: [2,5] [4,6] [1,2] [1,7] [2,7] [0,2] [1,3] [0,5] [2,7] [2,6] [0,1] [5,7] [0,4] [0,1] [6,7] [0,7] [0,1] [3,6] [5,7] [0,7] [6,7] [1,3] [0,5] [2,3] [5,6] [0,2] [0,5] [4,6] [5,7] [0,2] [3,5] [1,5]
Token  32: [0,2] [0,7] [0,5] [1,3] [2,6] [0,4] [3,5] [2,6] [1,6] [1,6] [4,7] [1,7] [0,5] [0,3] [5,6] [0,7] [0,1] [2,5] [4,5] [1,2] [3,4] [1,4] [0,5] [2,3] [5,6] [0,7] [1,5] [6,7] [0,4] [1,7] [2,7] [1,2]
Token  33: [1,2] [0,3] [4,6] [0,1] [2,3] [4,7] [1,2] [2,3] [1,6] [4,6] [0,3] [2,4] [4,6] [0,7] [5,7] [0,5] [0,7] [0,6] [1,4] [2,4] [3,4] [1,6] [0,1] [2,3] [5,6] [5,7] [3,5] [0,6] [3,6] [1,2] [3,5] [1,5]
Token  34: [2,5] [0,7] [4,5] [0,7] [1,3] [0,6] [5,7] [2,6] [5,6] [1,6] [1,3] [2,5] [0,1] [1,2] [3,5] [1,7] [0,6] [5,7] [4,7] [0,5] [3,7] [1,4] [0,5] [2,3] [5,6] [2,7] [1,5] [0,1] [0,4] [1,7] [2,6] [0,2]
Token  35: [1,4] [0,7] [2,6] [1,6] [1,3] [3,5] [5,6] [2,6] [0,1] [5,6] [1,3] [2,5] [0,1] [1,2] [3,6] [1,7] [0,7] [0,5] [2,7] [0,2] [4,7] [3,4] [3,6] [1,6] [5,6] [4,7] [1,6] [0,2] [1,4] [1,2] [2,6] [0,4]
Token  36: [0,7] [0,6] [0,7] [3,5] [1,5] [2,3] [5,6] [5,6] [0,5] [5,6] [0,5] [4,7] [3,5] [2,4] [0,4] [0,5] [5,6] [4,7] [0,1] [5,7] [0,4] [2,5] [4,6] [3,4] [3,4] [1,2] [2,5] [1,7] [3,7] [4,5] [0,4] [2,5]
Token  37: [3,5] [0,3] [2,7] [3,7] [6,7] [3,5] [2,6] [0,6] [0,4] [4,6] [0,2] [1,4] [1,3] [2,4] [5,7] [0,5] [3,7] [2,5] [0,2] [1,4] [3,5] [0,1] [0,5] [4,7] [0,2] [1,6] [3,5] [5,6] [1,2] [3,6] [0,1] [3,5]
Token  38: [2,7] [0,2] [5,7] [3,5] [1,2] [1,4] [5,7] [2,6] [0,4] [4,7] [1,3] [2,4] [0,5] [2,7] [1,4] [2,4] [0,1] [2,5] [6,7] [0,3] [2,7] [0,3] [3,4] [1,6] [1,7] [0,6] [4,6] [1,2] [6,7] [1,6] [2,4] [0,6]
Token  39: [4,6] [4,7] [1,3] [2,3] [6,7] [0,1] [0,1] [4,6] [2,7] [3,4] [0,6] [0,3] [4,6] [0,2] [0,2] [2,5] [3,5] [6,7] [4,5] [0,1] [2,5] [3,7] [5,7] [3,5] [6,7] [2,6] [0,3] [1,7] [3,5] [0,1] [5,7] [1,5]
Token  40: [0,6] [3,6] [0,1] [1,2] [5,6] [0,6] [2,3] [0,7] [4,6] [0,7] [0,2] [0,1] [5,6] [3,5] [5,7] [4,6] [3,7] [2,5] [0,2] [2,4] [0,5] [0,1] [0,5] [4,7] [0,7] [1,6] [3,5] [5,6] [1,2] [3,6] [0,1] [3,5]
Token  41: [2,4] [2,4] [1,4] [1,3] [0,4] [1,5] [6,7] [0,7] [3,4] [4,7] [1,3] [5,6] [4,5] [5,7] [3,4] [2,4] [0,1] [0,2] [6,7] [0,3] [1,7] [0,4] [3,4] [1,6] [1,6] [0,6] [1,4] [2,6] [5,7] [1,6] [2,4] [0,6]
Token  42: [0,1] [6,7] [6,7] [3,5] [2,5] [1,2] [2,4] [0,6] [4,5] [4,7] [2,5] [0,6] [3,5] [5,7] [1,4] [2,4] [5,7] [1,4] [5,6] [4,6] [0,4] [2,6] [0,3] [1,5] [2,3] [5,7] [2,4] [2,5] [6,7] [0,2] [1,4] [4,6]
Token  43: [0,6] [2,3] [3,6] [0,5] [1,3] [2,6] [2,4] [0,6] [2,5] [1,6] [2,4] [0,6] [3,5] [3,5] [1,5] [2,7] [5,7] [1,4] [5,6] [4,6] [0,4] [2,6] [0,3] [1,5] [2,3] [5,7] [2,7] [2,5] [6,7] [0,2] [1,4] [4,6]
Token  44: [4,6] [1,3] [2,6] [0,6] [1,4] [3,4] [6,7] [6,7] [0,6] [3,4] [5,6] [0,6] [4,5] [3,5] [1,4] [2,4] [2,7] [0,1] [4,7] [2,5] [0,5] [2,6] [0,3] [1,3] [3,5] [4,7] [1,6] [0,3] [0,4] [0,2] [4,6] [0,4]
Token  45: [4,6] [4,5] [2,3] [4,5] [2,5] [0,1] [0,3] [1,6] [0,5] [2,6] [4,5] [0,6] [1,6] [3,4] [1,5] [2,6] [2,5] [1,4] [1,3] [4,7] [0,2] [0,6] [1,5] [4,7] [0,3] [3,5] [0,7] [3,4] [1,6] [3,4] [0,3] [3,6]
Token  46: [5,7] [0,3] [5,6] [6,7] [3,5] [1,5] [0,6] [1,5] [2,6] [4,6] [3,4] [1,2] [5,6] [3,6] [1,7] [0,3] [2,3] [2,5] [0,2] [4,6] [1,5] [0,7] [0,5] [4,7] [0,4] [1,6] [3,5] [5,6] [1,2] [3,6] [1,7] [3,5]
Token  47: [2,7] [1,4] [4,5] [6,7] [0,3] [4,6] [0,7] [3,6] [1,5] [3,4] [5,6] [6,7] [1,5] [3,5] [2,4] [2,4] [2,3] [1,7] [4,7] [5,6] [2,3] [5,6] [1,4] [3,6] [0,6] [4,7] [1,6] [1,3] [0,4] [0,6] [4,6] [0,4]
Token  48: [2,5] [1,6] [5,7] [5,7] [3,7] [0,4] [0,1] [1,6] [0,5] [5,6] [4,7] [4,6] [1,6] [3,4] [1,2] [1,6] [4,6] [1,4] [3,6] [0,3] [2,4] [2,6] [4,7] [2,5] [1,6] [0,5] [4,6] [2,3] [6,7] [3,5] [1,4] [4,6]
Token  49: [0,7] [2,3] [6,7] [5,7] [1,6] [5,6] [1,4] [4,6] [5,6] [1,5] [4,7] [0,6] [1,6] [1,5] [5,7] [2,6] [5,7] [1,4] [5,6] [4,6] [0,4] [4,6] [0,3] [1,5] [0,3] [5,7] [2,7] [2,5] [1,6] [0,2] [1,4] [3,6]
Token  50: [4,6] [3,4] [1,6] [5,7] [3,4] [3,6] [0,7] [4,7] [5,6] [1,5] [4,5] [0,1] [5,6] [1,5] [5,7] [1,4] [0,1] [6,7] [0,2] [3,6] [0,5] [3,4] [0,5] [1,7] [0,3] [2,6] [3,7] [5,6] [1,3] [3,6] [1,3] [1,3]
Token  51: [3,6] [2,4] [1,3] [4,6] [0,3] [4,5] [0,7] [6,7] [1,5] [2,5] [0,5] [2,6] [0,5] [0,1] [1,2] [1,2] [0,1] [3,7] [5,7] [1,6] [3,5] [6,7] [3,7] [4,5] [4,6] [1,7] [1,7] [3,4] [0,5] [2,7] [5,7] [1,5]
Token  52: [0,6] [2,4] [2,4] [0,6] [4,7] [1,4] [2,5] [5,6] [4,6] [4,6] [0,6] [3,4] [3,4] [0,2] [4,7] [0,5] [5,7] [6,7] [0,1] [4,7] [4,5] [1,7] [0,6] [2,3] [5,6] [1,7] [1,5] [2,5] [3,5] [1,7] [0,5] [1,5]
Token  53: [1,3] [1,6] [1,2] [5,7] [3,6] [0,5] [5,7] [2,6] [4,5] [1,5] [3,5] [5,7] [2,5] [1,5] [0,3] [1,4] [1,7] [1,6] [0,4] [1,4] [1,5] [2,4] [0,5] [0,1] [0,6] [2,6] [3,5] [5,6] [0,1] [6,7] [1,3] [3,5]
Token  54: [1,4] [2,5] [1,5] [6,7] [0,4] [1,5] [6,7] [2,7] [4,5] [1,5] [1,5] [2,7] [4,5] [2,7] [0,3] [0,7] [2,7] [0,1] [2,7] [2,5] [3,7] [2,3] [3,6] [1,6] [5,6] [4,7] [1,6] [0,3] [1,4] [1,2] [2,6] [0,4]
Token  55: [0,1] [6,7] [0,6] [3,5] [1,5] [2,3] [1,5] [2,6] [2,5] [0,5] [0,2] [1,2] [1,3] [0,1] [0,4] [0,5] [2,5] [2,4] [2,5] [2,7] [2,3] [2,6] [3,6] [1,6] [4,5] [1,5] [2,4] [2,7] [3,7] [0,5] [4,6] [4,6]
Token  56: [3,5] [0,6] [3,7] [4,6] [3,6] [3,7] [1,5] [5,6] [2,5] [5,6] [0,2] [1,2] [3,5] [1,4] [0,1] [0,6] [2,5] [2,4] [5,7] [0,7] [2,3] [2,5] [3,4] [1,5] [1,4] [0,1] [4,6] [2,6] [5,7] [3,5] [2,4] [4,6]
Token  57: [3,7] [0,3] [6,7] [2,5] [2,5] [1,6] [1,4] [0,6] [4,5] [0,7] [2,5] [0,6] [3,5] [0,1] [1,2] [2,5] [4,7] [4,7] [5,6] [0,6] [0,2] [2,6] [0,3] [1,5] [2,3] [5,7] [2,7] [2,5] [6,7] [0,2] [1,4] [4,6]
Token  58: [4,6] [0,2] [2,4] [1,4] [2,5] [2,6] [1,4] [0,6] [1,5] [0,5] [5,6] [6,7] [3,5] [0,1] [0,2] [2,7] [4,7] [3,7] [3,6] [6,7] [0,7] [2,6] [0,3] [1,7] [0,2] [3,5] [2,7] [2,5] [2,7] [0,2] [1,4] [4,6]
Token  59: [4,6] [3,4] [2,6] [4,6] [0,5] [4,6] [3,7] [6,7] [1,6] [4,5] [5,6] [6,7] [1,5] [4,5] [0,2] [2,7] [4,7] [1,7] [4,7] [5,6] [2,3] [2,5] [3,4] [2,6] [5,6] [4,7] [1,6] [0,3] [0,4] [0,2] [4,6] [0,4]
Token  60: [4,6] [0,4] [3,7] [3,4] [3,6] [0,4] [0,4] [1,6] [0,5] [2,5] [4,7] [1,6] [1,6] [0,1] [1,5] [1,6] [4,7] [1,3] [6,7] [0,3] [2,7] [2,6] [3,4] [1,6] [0,1] [0,5] [4,6] [2,5] [6,7] [3,6] [1,4] [4,6]
Token  61: [5,7] [3,4] [6,7] [0,5] [5,6] [5,6] [0,4] [4,6] [5,6] [2,5] [4,7] [0,1] [1,5] [0,1] [2,5] [2,6] [4,7] [1,7] [5,6] [4,6] [0,3] [4,6] [0,3] [1,7] [0,2] [5,7] [2,7] [4,5] [6,7] [0,2] [4,6] [4,6]
Token  62: [5,6] [1,4] [1,6] [4,5] [3,4] [3,6] [0,7] [4,7] [5,6] [2,5] [3,4] [0,1] [5,6] [0,1] [1,2] [4,6] [0,7] [6,7] [0,2] [0,6] [0,3] [2,3] [0,3] [1,7] [0,2] [5,6] [3,7] [5,7] [0,1] [3,6] [1,4] [1,3]
Token  63: [2,3] [1,4] [1,2] [6,7] [5,7] [0,7] [0,7] [6,7] [1,6] [2,5] [5,6] [2,7] [2,5] [0,1] [1,2] [1,5] [4,7] [1,5] [0,3] [0,6] [0,2] [2,4] [0,5] [0,2] [2,5] [2,5] [3,6] [5,6] [0,2] [6,7] [3,4] [3,5]
Token  64: [2,3] [3,4] [1,4] [0,6] [0,2] [3,5] [2,5] [5,6] [1,5] [2,4] [0,3] [1,4] [0,3] [0,7] [4,7] [0,5] [5,6] [6,7] [0,1] [3,7] [3,4] [1,3] [0,6] [0,3] [5,6] [4,7] [2,5] [0,2] [2,3] [0,1] [3,5] [1,5]
Token  65: [2,3] [4,7] [1,5] [0,4] [0,6] [3,5] [5,7] [2,6] [5,6] [2,5] [1,3] [2,5] [4,5] [1,4] [0,2] [4,7] [1,7] [0,1] [2,4] [2,5] [5,7] [2,4] [2,6] [3,6] [5,6] [3,4] [1,6] [0,3] [0,4] [0,2] [4,6] [0,4]
Token  66: [1,4] [6,7] [5,7] [4,6] [3,7] [0,4] [1,5] [1,2] [5,6] [0,4] [4,7] [0,1] [1,5] [0,4] [1,5] [1,6] [4,5] [1,5] [1,6] [4,7] [5,6] [3,6] [0,5] [2,7] [3,5] [5,6] [0,3] [1,7] [3,5] [4,5] [4,7] [2,7]
Token  67: [0,7] [5,7] [0,3] [0,1] [6,7] [1,3] [5,6] [5,6] [4,5] [4,7] [0,2] [2,4] [1,3] [2,4] [0,4] [2,4] [5,7] [4,7] [0,3] [5,7] [2,4] [0,5] [4,5] [2,3] [3,5] [1,2] [2,5] [1,7] [3,5] [0,1] [3,5] [1,5]
Token  68: [2,3] [4,5] [1,3] [1,6] [0,7] [1,4] [0,3] [5,6] [4,6] [5,6] [0,3] [1,4] [3,6] [0,7] [4,7] [1,5] [5,7] [6,7] [0,3] [4,6] [4,5] [1,6] [0,7] [3,7] [5,6] [5,7] [3,5] [2,6] [3,6] [1,2] [3,5] [1,5]
Token  69: [2,5] [4,6] [1,2] [1,7] [2,7] [0,1] [1,3] [0,5] [2,4] [4,6] [0,3] [1,4] [4,6] [0,7] [2,7] [0,5] [5,7] [5,6] [0,1] [4,6] [3,5] [0,1] [0,1] [0,3] [5,6] [0,7] [3,5] [0,2] [3,6] [0,1] [3,5] [1,5]
Token  70: [0,2] [5,7] [0,5] [1,3] [2,7] [0,4] [3,5] [2,6] [1,6] [1,6] [3,7] [2,7] [0,5] [0,1] [2,5] [1,7] [0,2] [5,7] [4,5] [1,2] [3,6] [1,4] [0,5] [2,3] [5,6] [0,7] [0,5] [6,7] [0,4] [1,7] [4,7] [2,7]
Token  71: [1,2] [0,3] [4,6] [0,1] [1,2] [4,7] [1,2] [2,7] [3,4] [5,6] [0,3] [1,4] [4,6] [4,7] [4,7] [0,5] [5,7] [2,6] [0,3] [1,4] [4,5] [1,6] [0,5] [3,7] [0,5] [2,7] [3,5] [2,6] [3,5] [0,1] [3,5] [1,5]
Token  72: [2,5] [0,7] [4,5] [0,1] [1,3] [0,6] [5,7] [2,6] [5,6] [0,6] [1,3] [1,2] [0,1] [0,1] [2,5] [4,7] [0,3] [5,7] [1,4] [0,5] [3,7] [1,4] [0,4] [0,3] [2,5] [1,2] [0,1] [0,1] [0,4] [1,7] [2,7] [2,7]
Token  73: [1,4] [0,7] [2,6] [1,6] [1,3] [3,5] [5,7] [2,6] [0,5] [0,5] [1,3] [2,4] [0,5] [1,2] [0,2] [0,7] [2,7] [0,5] [2,7] [2,5] [3,7] [2,3] [3,6] [1,6] [5,6] [4,7] [1,6] [0,3] [1,4] [1,2] [2,6] [0,4]
Token  74: [0,7] [0,2] [0,7] [3,5] [1,5] [2,3] [0,5] [2,6] [5,7] [5,7] [0,2] [2,4] [1,3] [1,2] [0,4] [0,3] [5,7] [4,7] [0,1] [5,7] [0,4] [2,5] [4,6] [2,3] [3,4] [1,3] [2,5] [1,7] [1,3] [4,5] [0,4] [2,5]
Token  75: [3,5] [0,3] [2,7] [3,7] [0,7] [5,6] [2,6] [0,6] [4,6] [4,6] [0,2] [1,4] [1,3] [2,3] [5,7] [0,3] [3,5] [4,5] [0,2] [1,4] [3,5] [0,5] [0,5] [4,7] [0,2] [1,6] [3,5] [5,6] [1,2] [3,6] [0,1] [3,5]
Token  76: [2,7] [0,2] [5,7] [3,5] [1,2] [1,4] [5,7] [0,6] [0,4] [4,7] [1,3] [2,4] [4,5] [2,5] [1,4] [2,4] [0,1] [2,5] [6,7] [0,3] [2,7] [0,3] [3,4] [1,6] [1,7] [0,6] [4,6] [1,2] [6,7] [1,6] [2,4] [0,6]
Token  77: [4,6] [4,7] [1,3] [2,3] [6,7] [1,6] [0,1] [4,6] [1,7] [4,5] [0,4] [0,2] [1,3] [0,2] [2,7] [2,3] [0,7] [3,7] [1,3] [1,6] [2,6] [1,3] [2,7] [4,7] [1,3] [4,7] [0,3] [1,3] [3,5] [0,1] [5,7] [1,5]
Token  78: [0,6] [3,6] [0,1] [1,2] [5,6] [0,6] [2,3] [0,7] [4,6] [0,7] [2,4] [0,2] [1,5] [0,1] [2,5] [3,4] [3,4] [4,5] [0,2] [2,4] [0,5] [0,1] [0,5] [4,7] [0,7] [1,6] [3,5] [5,6] [1,2] [3,6] [0,1] [3,5]
Token  79: [2,4] [2,4] [1,4] [1,3] [0,4] [1,5] [6,7] [0,7] [3,4] [4,7] [1,3] [5,6] [4,5] [1,2] [1,2] [4,7] [1,7] [0,2] [5,7] [0,3] [2,7] [0,4] [3,4] [1,6] [1,6] [0,6] [1,4] [2,6] [5,7] [1,6] [2,4] [0,6]
Token  80: [0,1] [6,7] [6,7] [3,5] [2,5] [1,2] [2,4] [0,6] [5,7] [5,7] [2,4] [1,6] [1,5] [0,1] [1,5] [2,5] [6,7] [4,7] [5,6] [0,6] [0,3] [2,6] [3,7] [1,5] [2,3] [5,7] [2,4] [2,5] [6,7] [0,2] [1,4] [4,6]
Token  81: [0,6] [2,3] [3,6] [0,5] [1,3] [2,6] [2,4] [0,6] [1,5] [1,5] [2,4] [1,2] [1,5] [1,2] [0,1] [2,3] [4,7] [1,4] [5,6] [0,6] [0,3] [2,6] [0,3] [1,5] [2,3] [5,7] [2,4] [2,5] [6,7] [0,2] [1,4] [4,6]
Token  82: [4,6] [1,3] [2,6] [0,6] [1,4] [3,4] [6,7] [6,7] [0,6] [3,4] [5,6] [0,6] [4,5] [1,5] [2,4] [2,7] [1,7] [0,1] [1,7] [2,5] [1,5] [2,6] [0,3] [1,3] [3,5] [4,7] [1,6] [0,3] [0,4] [0,2] [4,6] [0,4]
Token  83: [4,6] [4,7] [2,3] [5,7] [2,7] [1,2] [0,3] [1,6] [2,5] [5,6] [2,4] [1,2] [1,5] [0,1] [1,2] [3,5] [2,7] [1,4] [1,3] [5,6] [2,6] [0,6] [1,2] [1,7] [0,3] [3,6] [0,7] [3,4] [0,6] [3,4] [3,4] [4,6]
Token  84: [5,7] [0,3] [5,6] [6,7] [3,5] [1,5] [0,6] [5,6] [4,5] [4,6] [0,1] [1,4] [0,6] [0,7] [2,7] [0,1] [5,7] [2,6] [0,2] [1,6] [1,3] [0,5] [0,3] [4,7] [0,2] [1,6] [3,5] [5,6] [0,2] [3,6] [1,7] [3,5]
Token  85: [2,7] [1,4] [4,5] [6,7] [0,2] [4,6] [0,7] [3,6] [1,5] [4,5] [5,6] [2,6] [1,5] [0,1] [0,2] [2,7] [1,2] [0,7] [4,7] [5,6] [2,3] [5,6] [1,4] [3,6] [5,6] [4,7] [1,6] [1,3] [0,4] [0,3] [4,6] [0,4]
Token  86: [2,5] [1,6] [5,7] [5,7] [3,7] [0,4] [0,1] [1,6] [0,5] [5,6] [2,4] [1,6] [1,5] [0,1] [1,2] [2,5] [4,7] [1,7] [1,6] [0,3] [2,3] [2,6] [4,7] [2,5] [1,6] [0,5] [4,6] [2,6] [0,7] [3,5] [3,4] [4,6]
Token  87: [0,7] [2,3] [6,7] [5,7] [1,6] [5,6] [1,4] [4,6] [5,6] [1,5] [4,6] [0,6] [1,5] [0,1] [1,2] [2,5] [4,7] [1,7] [1,5] [2,6] [0,3] [2,6] [0,3] [1,5] [2,3] [5,7] [2,7] [4,5] [2,6] [0,2] [3,4] [4,6]
Token  88: [4,6] [3,4] [1,6] [5,7] [3,4] [3,6] [0,7] [4,5] [5,6] [5,6] [0,3] [1,4] [4,6] [4,7] [4,7] [1,4] [0,7] [6,7] [0,5] [3,6] [0,2] [1,3] [0,3] [1,7] [0,2] [2,6] [3,7] [5,6] [0,1] [3,6] [1,3] [1,3]
Token  89: [3,6] [2,4] [1,3] [4,6] [0,3] [4,5] [0,7] [6,7] [4,5] [5,6] [0,4] [2,4] [1,3] [1,2] [2,4] [2,4] [0,1] [3,7] [5,7] [1,6] [3,5] [6,7] [3,7] [2,4] [4,6] [1,7] [1,7] [3,4] [0,5] [2,7] [5,7] [1,4]
Token  90: [0,6] [2,4] [2,4] [0,6] [4,7] [1,4] [0,2] [4,5] [6,7] [3,4] [0,6] [2,3] [4,6] [0,2] [2,7] [2,4] [3,7] [3,7] [1,3] [0,1] [2,3] [1,7] [1,4] [0,4] [1,3] [3,7] [2,3] [1,3] [0,5] [0,7] [0,5] [1,5]
Token  91: [1,3] [1,6] [1,2] [5,7] [3,6] [0,5] [5,7] [2,6] [4,5] [2,5] [3,5] [5,7] [2,5] [1,7] [0,2] [1,7] [1,7] [1,6] [0,4] [6,7] [1,2] [2,4] [2,3] [0,3] [0,6] [3,7] [3,5] [5,6] [0,2] [3,7] [3,7] [3,5]
Token  92: [1,4] [2,5] [1,5] [6,7] [0,4] [1,5] [6,7] [2,7] [0,5] [4,5] [0,1] [2,6] [0,5] [1,2] [0,2] [0,7] [3,7] [0,5] [1,2] [2,5] [3,7] [2,4] [3,6] [1,6] [5,6] [4,7] [1,6] [0,3] [1,4] [1,2] [6,7] [0,4]
Token  93: [0,1] [6,7] [0,6] [3,5] [1,5] [2,3] [1,5] [2,6] [2,5] [0,5] [0,2] [1,2] [3,5] [1,2] [0,2] [0,3] [2,4] [0,7] [1,5] [2,7] [3,6] [2,5] [3,6] [5,6] [4,5] [1,3] [2,6] [1,7] [0,3] [5,7] [4,6] [4,6]
Token  94: [3,5] [0,6] [3,7] [4,6] [3,6] [3,7] [1,5] [5,6] [2,5] [5,7] [0,2] [1,2] [3,5] [0,1] [1,2] [0,5] [2,5] [2,4] [1,5] [0,7] [2,3] [2,5] [3,4] [1,5] [1,4] [0,3] [4,6] [2,6] [0,7] [3,5] [2,4] [4,6]
Token  95: [3,7] [0,3] [6,7] [2,5] [2,5] [1,6] [1,4] [0,6] [4,7] [0,7] [2,5] [0,6] [5,7] [0,1] [1,2] [2,5] [4,7] [4,7] [5,6] [0,6] [0,3] [2,6] [0,3] [4,5] [2,4] [5,7] [0,2] [1,2] [6,7] [0,2] [4,7] [4,6]
Token  96: [4,6] [0,2] [2,4] [1,4] [2,5] [2,6] [1,4] [0,6] [1,5] [0,5] [5,6] [2,6] [5,7] [0,1] [2,5] [3,7] [4,7] [3,7] [5,6] [0,6] [0,7] [0,6] [0,2] [1,7] [0,2] [3,5] [2,7] [2,6] [2,7] [0,2] [1,4] [4,6]
Token  97: [4,6] [3,4] [2,6] [4,6] [0,5] [4,6] [3,7] [6,7] [1,6] [4,5] [5,6] [6,7] [1,5] [1,4] [0,2] [2,7] [1,7] [1,7] [4,7] [5,6] [2,3] [2,5] [3,4] [2,6] [0,6] [4,7] [1,6] [0,3] [0,4] [2,5] [4,6] [0,4]
Token  98: [4,6] [0,4] [3,7] [3,4] [3,6] [0,4] [0,5] [0,6] [0,5] [5,6] [0,3] [2,4] [1,3] [2,7] [4,7] [0,5] [4,5] [6,7] [1,7] [0,3] [2,7] [2,6] [3,4] [1,2] [1,6] [0,5] [4,6] [2,6] [6,7] [3,6] [3,4] [4,6]
Token  99: [5,7] [3,4] [6,7] [0,5] [5,6] [5,6] [0,4] [4,6] [5,6] [0,5] [4,6] [0,6] [1,5] [0,1] [2,5] [2,3] [4,7] [1,7] [1,5] [4,6] [0,3] [4,6] [0,3] [1,3] [0,2] [5,7] [2,7] [4,5] [0,7] [0,2] [3,4] [4,6]
Token 100: [5,6] [1,4] [1,6] [4,5] [3,7] [3,6] [0,7] [4,7] [5,6] [2,5] [0,3] [3,4] [0,4] [4,7] [4,7] [5,6] [0,7] [6,7] [0,5] [0,6] [0,2] [2,4] [0,2] [1,7] [0,2] [5,6] [3,7] [5,6] [0,5] [3,7] [3,4] [3,4]
Token 101: [2,3] [1,4] [1,2] [6,7] [5,7] [0,7] [0,7] [6,7] [1,6] [2,5] [1,3] [2,4] [5,7] [0,1] [1,2] [1,4] [0,1] [1,7] [0,3] [0,6] [0,2] [0,2] [0,5] [0,2] [2,5] [2,7] [2,3] [5,6] [0,2] [3,7] [3,4] [3,5]
Token 102: [2,3] [3,4] [1,4] [0,6] [0,2] [3,5] [2,5] [5,6] [1,4] [4,6] [0,3] [1,4] [4,6] [0,7] [5,7] [0,5] [5,6] [6,7] [1,6] [3,7] [3,4] [1,3] [0,6] [3,5] [5,6] [4,7] [1,5] [0,2] [2,6] [0,1] [3,5] [1,5]
Token 103: [2,3] [4,7] [1,5] [0,4] [0,6] [3,5] [5,7] [6,7] [1,5] [2,5] [1,3] [2,6] [5,7] [0,1] [0,2] [4,7] [1,7] [0,1] [2,4] [3,5] [3,7] [2,4] [2,6] [5,6] [1,5] [3,4] [1,6] [0,3] [0,4] [3,7] [4,6] [0,4]
Token 104: [1,4] [6,7] [5,7] [4,6] [3,7] [0,4] [1,5] [2,6] [5,6] [0,5] [4,7] [0,1] [5,7] [0,1] [2,5] [3,6] [4,5] [5,7] [1,5] [6,7] [3,6] [4,6] [2,5] [2,7] [3,7] [3,5] [0,5] [1,6] [0,6] [3,4] [4,7] [2,7]
Token 105: [0,7] [5,7] [0,3] [0,1] [6,7] [1,3] [5,6] [5,6] [0,4] [4,7] [0,5] [2,4] [1,3] [2,4] [4,5] [4,5] [5,7] [2,4] [0,3] [4,7] [0,5] [0,1] [4,5] [2,4] [0,7] [1,7] [3,5] [6,7] [3,5] [0,1] [3,5] [1,5]
Token 106: [2,3] [4,5] [1,3] [1,6] [0,7] [1,4] [0,3] [1,5] [4,6] [0,6] [0,1] [2,3] [0,4] [0,2] [2,7] [0,5] [5,7] [6,7] [0,1] [4,7] [3,4] [1,6] [0,1] [2,3] [5,6] [0,7] [3,5] [2,7] [3,5] [0,1] [3,5] [1,5]
Token 107: [2,5] [4,6] [1,2] [1,7] [2,7] [0,1] [1,3] [2,5] [3,4] [4,6] [0,3] [2,4] [4,6] [0,7] [5,7] [1,5] [5,7] [6,7] [0,1] [4,6] [3,5] [0,1] [0,5] [0,3] [5,6] [6,7] [3,5] [0,2] [3,6] [1,2] [3,5] [1,5]
Token 108: [0,2] [5,7] [0,5] [1,3] [2,6] [0,4] [3,5] [2,6] [1,6] [0,6] [0,3] [2,4] [0,4] [0,2] [2,7] [0,1] [5,7] [5,6] [4,5] [0,1] [3,4] [1,4] [0,4] [2,3] [5,6] [0,7] [0,5] [6,7] [0,5] [1,7] [4,7] [2,7]
Token 109: [1,2] [0,3] [4,6] [0,1] [1,2] [4,7] [1,2] [2,5] [3,4] [5,7] [0,3] [4,5] [4,6] [0,7] [4,7] [0,5] [6,7] [1,6] [0,3] [4,6] [1,4] [1,6] [0,5] [3,7] [1,5] [5,7] [3,5] [0,6] [3,5] [1,3] [3,5] [1,5]
Token 110: [2,5] [0,7] [4,5] [0,7] [1,3] [0,6] [5,7] [2,6] [5,6] [0,6] [1,3] [1,2] [1,7] [0,1] [2,5] [3,4] [0,3] [5,7] [1,4] [0,3] [2,3] [1,4] [0,4] [0,3] [2,5] [2,6] [0,3] [0,6] [0,4] [1,7] [4,7] [2,7]
Token 111: [1,4] [0,7] [2,6] [1,6] [1,3] [3,5] [5,7] [2,6] [0,5] [0,5] [1,3] [2,4] [5,7] [1,2] [0,2] [0,3] [3,7] [0,6] [2,7] [2,5] [3,7] [2,3] [3,4] [5,6] [1,5] [1,4] [1,6] [0,3] [1,4] [2,7] [6,7] [0,4]
Token 112: [0,7] [0,2] [0,7] [3,5] [1,5] [2,3] [0,5] [2,6] [5,7] [5,7] [0,2] [1,2] [1,3] [1,2] [0,2] [0,3] [5,7] [4,7] [0,1] [2,5] [3,6] [2,5] [2,6] [3,6] [3,4] [1,3] [2,5] [1,7] [1,3] [4,5] [0,4] [2,5]
Token 113: [3,5] [0,3] [2,7] [3,7] [0,7] [5,6] [2,6] [0,6] [4,6] [6,7] [0,2] [1,2] [1,3] [1,2] [1,2] [0,3] [1,3] [2,5] [0,2] [1,4] [3,5] [0,5] [0,5] [4,7] [0,2] [1,6] [3,5] [5,6] [1,2] [3,6] [0,1] [3,5]
Token 114: [2,7] [0,2] [5,7] [3,5] [1,2] [1,4] [5,7] [0,6] [0,4] [4,7] [1,3] [2,6] [4,5] [1,2] [1,5] [3,4] [0,1] [2,5] [6,7] [0,3] [2,7] [0,5] [3,4] [1,6] [1,7] [0,6] [4,6] [2,7] [0,7] [1,6] [2,4] [0,4]
Token 115: [4,6] [4,7] [1,3] [0,3] [6,7] [6,7] [0,1] [1,4] [1,2] [4,7] [0,4] [0,2] [1,3] [1,2] [2,7] [2,3] [0,7] [3,7] [1,5] [1,6] [2,6] [3,7] [2,4] [4,7] [1,3] [5,7] [0,3] [0,1] [3,5] [0,1] [5,7] [1,5]
Token 116: [0,6] [3,6] [0,1] [2,3] [5,6] [0,6] [2,3] [0,7] [0,6] [0,7] [2,4] [0,2] [1,5] [0,1] [2,5] [3,5] [3,4] [5,7] [0,2] [2,4] [1,5] [0,5] [0,5] [4,7] [0,2] [1,6] [3,5] [5,6] [1,2] [3,6] [1,4] [3,5]
Token 117: [2,4] [2,4] [1,4] [1,3] [0,4] [1,5] [6,7] [0,7] [3,4] [4,7] [1,3] [2,6] [4,5] [1,2] [2,5] [3,4] [1,2] [0,2] [5,7] [0,3] [1,2] [0,4] [3,4] [1,6] [1,2] [0,6] [4,6] [2,6] [0,5] [1,6] [2,4] [0,4]
Token 118: [0,1] [6,7] [6,7] [3,5] [2,5] [1,6] [2,4] [0,6] [5,7] [5,7] [2,4] [1,2] [1,5] [0,1] [2,5] [2,3] [5,7] [4,7] [1,5] [0,6] [0,3] [2,6] [2,3] [3,5] [2,3] [5,7] [2,4] [2,5] [6,7] [0,2] [4,6] [4,6]
Token 119: [0,6] [2,3] [3,6] [0,5] [1,3] [2,6] [2,4] [0,6] [1,5] [1,5] [2,4] [1,2] [1,5] [1,2] [2,5] [3,7] [2,4] [3,7] [5,6] [0,6] [0,3] [4,6] [3,6] [1,5] [2,3] [5,7] [2,4] [2,5] [0,7] [0,2] [4,7] [4,6]
Token 120: [4,6] [1,3] [2,6] [0,6] [1,4] [3,4] [6,7] [6,7] [0,6] [3,4] [5,6] [0,2] [5,7] [1,5] [2,4] [2,3] [1,2] [0,1] [3,4] [2,5] [1,5] [2,6] [0,3] [1,3] [3,5] [4,7] [1,6] [0,3] [0,4] [0,2] [4,6] [0,4]
Token 121: [4,6] [4,7] [2,3] [5,7] [2,7] [1,2] [0,3] [1,6] [2,5] [5,6] [2,4] [1,2] [1,5] [0,1] [1,2] [3,5] [2,7] [1,5] [1,3] [5,6] [2,3] [0,2] [1,2] [1,7] [0,3] [3,6] [0,7] [3,4] [0,6] [3,4] [3,4] [4,6]
Token 122: [5,7] [0,3] [5,6] [6,7] [3,6] [2,5] [0,6] [0,5] [3,4] [4,6] [0,3] [1,5] [4,6] [0,7] [2,7] [0,1] [6,7] [2,6] [2,7] [1,6] [1,3] [0,5] [0,3] [4,7] [0,4] [3,6] [3,5] [5,6] [0,2] [3,6] [1,7] [3,5]
Token 123: [2,7] [1,4] [4,5] [6,7] [0,2] [4,6] [0,7] [3,6] [1,6] [4,5] [5,6] [2,6] [5,7] [0,1] [0,2] [3,7] [1,2] [0,7] [4,7] [5,6] [2,3] [5,6] [1,4] [1,6] [5,6] [4,7] [1,6] [3,6] [0,4] [0,3] [4,6] [0,4]
Token 124: [2,5] [3,6] [5,7] [5,7] [3,7] [0,4] [0,1] [1,6] [0,5] [5,6] [2,4] [1,2] [1,5] [0,1] [1,2] [1,3] [4,7] [1,7] [1,6] [0,7] [2,3] [2,5] [4,5] [2,5] [1,6] [0,5] [4,6] [2,6] [0,7] [3,5] [3,4] [4,6]
Token 125: [0,7] [2,3] [6,7] [5,7] [1,6] [5,6] [1,4] [4,6] [5,6] [1,5] [4,6] [0,6] [1,5] [0,1] [2,5] [1,2] [4,7] [1,7] [3,5] [2,6] [0,3] [2,6] [0,3] [1,5] [2,3] [5,7] [2,7] [4,5] [0,2] [0,4] [3,4] [4,6]
Token 126: [4,6] [3,4] [1,6] [5,7] [3,4] [3,6] [0,7] [4,6] [4,6] [5,6] [0,3] [2,4] [0,3] [2,7] [4,7] [0,2] [0,7] [6,7] [0,5] [3,6] [0,2] [2,3] [0,5] [1,7] [0,2] [2,6] [3,7] [5,6] [0,2] [3,7] [3,7] [3,5]
Token 127: [3,6] [2,4] [0,1] [4,6] [0,3] [4,5] [2,7] [6,7] [0,4] [5,6] [0,4] [2,4] [1,3] [1,2] [2,4] [3,5] [0,1] [3,6] [5,7] [1,6] [3,5] [6,7] [3,7] [2,4] [4,6] [1,7] [1,7] [3,4] [0,5] [2,7] [5,7] [1,4]
