MODEL: mixtral_8x7b
TOKEN_COUNT: 128
ACTIVE_EXPERTS: 2
================================================================================
PROMPT TEXT:
As with previous <unk> Chronicles games , Valkyria Chronicles III is a tactical role @-@ playing game where players take control of a military unit and take part in missions against enemy forces . Stories are told through comic book @-@ like panels with animated character portraits , with characters speaking partially through voiced speech bubbles and partially through unvoiced text . The player progresses through a series of linear missions , gradually unlocked as maps that can be freely scanned through and replayed as they are unlocked . The route to each story location on the map varies depending on an individual player 's approach : when one option is selected , the other is sealed off to the player . Outside missions , the player characters rest in a camp , where units can be customized and character growth occurs . Alongside the main story missions are character @-@ specific sub missions relating to different squad members . After the game 's completion , additional episodes are unlocked , some of them having a higher difficulty than those found in the rest of the game . There are also love simulation elements related to the game 's two main heroines , although they take a very minor role .
================================================================================
GENERATED TEXT:


The game 's battle system is a hybrid of turn @-@ based strategy and real @-time action . The player controls a unit of up to six characters , each with their own class and unique abilities . The player can switch between characters at will , and can issue orders to them . The player can also issue orders to the computer @-@ controlled units . The player can also issue orders to the computer @-@ controlled units . The player can also issue orders to the computer @-@ controlled units . The player can also issue orders to the computer @-@ controlled units . The player can also issue orders to the
================================================================================
EXPERT TRACE (Per token, list of layer expert IDs):
================================================================================
Token   0: [3,7] [2,3] [0,2] [4,5] [4,5] [0,6] [1,4] [0,2] [1,6] [3,7] [2,4] [3,5] [2,6] [0,4] [2,6] [3,7] [3,7] [4,6] [0,7] [1,6] [3,6] [6,7] [2,3] [1,3] [2,7] [2,7] [0,7] [1,4] [2,5] [0,3] [3,5] [3,6]
Token   1: [5,6] [1,6] [6,7] [3,4] [6,7] [1,3] [0,1] [5,6] [4,7] [4,7] [0,4] [2,4] [1,3] [2,4] [2,4] [2,4] [5,7] [3,7] [4,7] [1,5] [2,4] [2,5] [2,4] [3,6] [3,7] [1,4] [0,5] [1,7] [3,5] [3,5] [0,4] [2,7]
Token   2: [5,6] [0,7] [2,3] [3,7] [6,7] [1,5] [2,7] [0,6] [4,6] [4,6] [0,2] [1,4] [3,6] [2,3] [4,7] [0,4] [3,5] [2,5] [0,2] [1,4] [1,5] [0,5] [0,5] [4,7] [0,1] [1,6] [3,5] [5,6] [1,2] [3,6] [0,1] [5,7]
Token   3: [2,7] [2,3] [5,7] [3,5] [2,4] [1,4] [5,7] [2,6] [4,5] [4,7] [1,3] [2,4] [0,4] [2,7] [1,4] [4,7] [0,1] [2,5] [6,7] [0,3] [2,7] [0,5] [4,5] [1,6] [1,7] [0,6] [4,6] [1,2] [6,7] [1,6] [2,4] [0,6]
Token   4: [0,1] [1,5] [0,5] [2,3] [3,5] [0,4] [1,3] [4,7] [1,7] [5,7] [0,2] [2,3] [3,6] [1,3] [2,7] [0,2] [3,4] [3,7] [1,7] [0,6] [2,6] [0,5] [2,3] [2,6] [2,6] [4,6] [0,5] [1,7] [1,5] [0,7] [5,7] [1,5]
Token   5: [2,6] [2,6] [0,1] [1,2] [5,6] [0,6] [2,3] [0,7] [4,6] [0,7] [0,2] [0,4] [5,6] [2,5] [4,7] [3,4] [3,7] [2,5] [0,2] [1,4] [1,5] [0,5] [0,5] [4,7] [0,1] [1,6] [3,5] [5,6] [1,2] [3,6] [0,1] [3,5]
Token   6: [2,4] [2,4] [0,1] [1,6] [0,5] [1,4] [2,5] [0,2] [3,4] [5,7] [3,5] [2,5] [2,4] [6,7] [4,5] [2,4] [0,1] [2,5] [5,7] [1,7] [1,3] [6,7] [4,5] [3,7] [1,6] [3,6] [1,7] [4,6] [4,5] [1,6] [2,5] [1,5]
Token   7: [1,7] [1,3] [4,5] [6,7] [2,7] [1,5] [2,7] [0,7] [4,6] [5,7] [1,3] [5,6] [4,5] [2,7] [3,4] [4,7] [0,1] [0,2] [6,7] [0,3] [2,7] [0,3] [3,4] [1,6] [1,2] [0,5] [4,6] [1,2] [2,7] [1,6] [2,4] [0,6]
Token   8: [0,1] [0,6] [6,7] [3,5] [2,5] [1,2] [2,4] [0,6] [0,5] [6,7] [0,2] [0,6] [5,6] [5,7] [4,7] [1,2] [5,7] [1,4] [5,6] [4,6] [0,5] [4,6] [3,5] [1,7] [2,3] [5,7] [2,7] [2,5] [2,6] [0,2] [1,4] [4,6]
Token   9: [4,6] [0,4] [1,6] [5,7] [3,5] [3,6] [0,7] [4,7] [4,6] [1,5] [4,5] [0,1] [2,6] [3,6] [4,7] [1,4] [0,1] [6,7] [0,2] [3,4] [0,5] [2,3] [0,5] [1,7] [0,3] [5,6] [3,7] [5,6] [1,3] [3,6] [1,3] [1,3]
Token  10: [2,3] [1,4] [1,2] [1,6] [6,7] [5,7] [0,7] [2,7] [1,6] [1,2] [2,5] [6,7] [5,6] [1,6] [3,6] [1,4] [1,3] [1,6] [4,7] [3,4] [4,5] [2,6] [2,5] [2,7] [1,6] [2,3] [5,7] [1,6] [0,1] [1,6] [4,6] [3,5]
Token  11: [3,5] [0,2] [1,6] [4,6] [6,7] [0,4] [5,7] [1,2] [5,6] [0,2] [4,7] [0,1] [1,6] [0,4] [4,5] [1,6] [5,7] [1,5] [1,3] [4,5] [4,5] [2,6] [0,5] [2,7] [0,1] [2,5] [5,7] [5,6] [1,3] [3,4] [3,5] [3,6]
Token  12: [0,7] [2,5] [0,1] [6,7] [1,2] [4,5] [1,2] [5,6] [3,6] [4,5] [2,3] [5,7] [2,4] [0,1] [3,6] [0,1] [0,1] [6,7] [5,7] [1,6] [1,4] [0,7] [1,2] [0,7] [3,6] [4,6] [0,1] [3,6] [5,7] [2,7] [6,7] [0,1]
Token  13: [0,4] [5,6] [0,5] [5,7] [3,7] [1,7] [0,1] [4,7] [1,7] [2,5] [0,2] [1,2] [6,7] [1,3] [2,6] [0,3] [1,4] [3,7] [5,7] [0,5] [4,6] [0,5] [1,2] [1,7] [1,2] [6,7] [2,3] [1,6] [1,3] [6,7] [5,7] [1,5]
Token  14: [5,6] [2,4] [0,4] [1,2] [3,7] [3,7] [0,3] [4,5] [1,6] [2,5] [0,2] [0,3] [6,7] [1,3] [0,2] [2,3] [0,4] [3,7] [3,7] [2,6] [1,6] [3,5] [2,6] [0,6] [0,2] [0,4] [1,2] [1,5] [1,3] [6,7] [0,7] [1,5]
Token  15: [0,3] [4,7] [0,5] [2,7] [1,3] [3,5] [0,1] [4,5] [1,5] [2,5] [0,2] [0,2] [1,6] [1,3] [2,6] [0,1] [6,7] [2,7] [5,7] [2,6] [4,6] [0,5] [2,4] [3,6] [0,6] [2,4] [0,1] [1,6] [3,5] [6,7] [0,7] [1,5]
Token  16: [5,7] [0,4] [2,6] [4,6] [2,7] [4,5] [0,5] [0,4] [5,6] [3,5] [3,4] [5,7] [2,6] [1,5] [3,5] [1,5] [4,7] [2,5] [3,4] [4,7] [2,5] [1,2] [2,5] [3,7] [5,6] [2,5] [5,7] [6,7] [0,4] [1,3] [3,7] [3,5]
Token  17: [2,4] [4,5] [1,4] [5,6] [4,7] [4,5] [2,3] [2,5] [3,6] [4,5] [3,5] [5,7] [2,5] [1,2] [3,5] [1,7] [0,1] [0,5] [4,7] [1,5] [1,3] [2,7] [2,4] [3,4] [5,6] [2,3] [1,5] [6,7] [4,5] [1,7] [2,7] [1,4]
Token  18: [0,1] [0,6] [6,7] [3,4] [1,6] [0,7] [0,6] [2,5] [5,6] [0,5] [0,4] [0,7] [1,6] [1,4] [5,6] [1,6] [5,7] [4,7] [1,5] [4,6] [4,5] [2,6] [2,5] [1,7] [0,6] [2,5] [5,7] [5,6] [1,3] [3,4] [3,4] [5,6]
Token  19: [3,7] [0,1] [0,4] [6,7] [4,6] [4,7] [2,6] [4,5] [1,6] [0,5] [3,5] [2,7] [2,6] [1,6] [6,7] [1,5] [0,1] [3,6] [3,5] [0,6] [3,7] [0,5] [1,4] [3,4] [2,7] [3,7] [2,5] [4,6] [5,6] [1,7] [5,7] [1,5]
Token  20: [0,3] [2,5] [0,5] [2,6] [2,3] [1,7] [0,3] [4,5] [1,7] [2,5] [0,2] [0,2] [3,6] [1,3] [2,6] [0,3] [0,4] [3,7] [1,7] [0,2] [2,6] [0,5] [1,2] [1,6] [1,2] [4,7] [2,3] [1,2] [1,3] [6,7] [5,7] [1,5]
Token  21: [5,6] [2,4] [0,4] [1,2] [3,7] [4,7] [2,6] [2,4] [1,3] [1,5] [0,3] [4,5] [4,6] [0,7] [4,7] [0,5] [5,7] [6,7] [0,4] [4,6] [4,5] [1,6] [0,7] [3,7] [1,5] [1,7] [3,5] [2,6] [0,3] [1,7] [5,7] [1,5]
Token  22: [3,5] [2,4] [0,1] [1,7] [0,3] [4,7] [2,4] [4,7] [5,6] [5,7] [2,3] [5,7] [0,2] [1,5] [3,6] [1,7] [4,7] [2,5] [3,4] [1,7] [3,5] [1,2] [5,7] [3,5] [5,6] [3,7] [5,7] [6,7] [0,4] [1,3] [3,7] [3,5]
Token  23: [1,4] [1,5] [1,4] [6,7] [3,4] [0,4] [2,3] [2,4] [0,3] [5,7] [3,5] [5,7] [2,4] [1,7] [0,3] [1,7] [0,1] [0,5] [2,7] [2,6] [3,6] [2,7] [2,4] [1,3] [0,6] [1,3] [1,4] [2,6] [0,4] [1,7] [2,6] [0,4]
Token  24: [0,7] [6,7] [0,7] [3,5] [1,5] [2,3] [5,6] [5,6] [0,5] [5,6] [0,2] [4,7] [3,6] [4,7] [0,4] [0,5] [5,6] [4,5] [0,3] [5,7] [1,4] [1,5] [5,6] [3,7] [1,4] [1,3] [3,7] [6,7] [1,3] [4,5] [0,4] [2,7]
Token  25: [3,5] [0,3] [2,3] [2,3] [5,7] [1,5] [2,6] [0,4] [3,4] [5,7] [0,2] [1,4] [3,6] [2,3] [4,7] [0,3] [2,3] [2,5] [0,2] [1,4] [1,5] [0,5] [0,5] [4,7] [0,1] [1,6] [3,5] [0,6] [1,2] [3,6] [0,1] [3,5]
Token  26: [2,3] [1,2] [5,7] [0,1] [5,7] [0,4] [2,5] [2,6] [3,4] [0,4] [2,5] [2,4] [4,6] [2,5] [1,4] [4,7] [2,4] [2,5] [6,7] [0,3] [2,4] [3,7] [0,7] [2,5] [1,6] [0,4] [0,4] [2,6] [0,7] [1,3] [1,2] [0,6]
Token  27: [1,7] [1,4] [5,6] [0,5] [1,4] [3,7] [3,7] [1,6] [0,3] [0,5] [4,5] [0,6] [2,6] [0,5] [3,4] [2,6] [2,6] [1,5] [1,3] [0,4] [1,6] [1,6] [0,5] [3,4] [5,6] [3,7] [0,7] [4,6] [1,2] [4,5] [0,1] [6,7]
Token  28: [1,4] [6,7] [0,6] [0,5] [3,4] [6,7] [3,7] [1,4] [3,4] [0,5] [3,4] [0,1] [4,6] [1,6] [4,7] [0,4] [0,3] [6,7] [0,2] [0,4] [1,5] [1,3] [0,5] [0,3] [0,2] [3,6] [0,3] [5,6] [1,3] [6,7] [1,3] [1,5]
Token  29: [2,3] [2,5] [1,4] [0,5] [0,4] [0,1] [2,6] [2,3] [3,4] [0,1] [1,3] [5,7] [4,7] [2,7] [3,4] [4,7] [1,2] [0,2] [2,4] [0,3] [1,7] [2,6] [0,2] [1,2] [3,6] [3,4] [0,1] [1,2] [0,4] [0,1] [2,6] [0,4]
Token  30: [2,5] [0,4] [4,6] [4,6] [4,7] [1,4] [2,3] [1,3] [0,3] [0,1] [3,4] [0,7] [4,6] [0,6] [4,5] [5,6] [6,7] [1,5] [1,3] [4,6] [1,5] [1,6] [0,1] [2,3] [1,5] [3,4] [0,3] [4,6] [2,3] [4,7] [0,1] [3,6]
Token  31: [0,7] [2,4] [1,2] [1,3] [2,4] [4,5] [2,5] [2,5] [1,3] [1,7] [0,3] [4,5] [2,4] [0,2] [4,7] [0,5] [6,7] [1,6] [0,3] [0,6] [1,2] [4,6] [1,4] [1,3] [3,6] [3,6] [0,1] [0,4] [4,5] [1,7] [5,6] [0,4]
Token  32: [4,5] [2,7] [0,1] [0,7] [1,7] [0,4] [2,4] [1,2] [1,3] [1,7] [2,4] [1,7] [1,6] [3,6] [4,6] [1,6] [5,6] [1,7] [1,3] [3,6] [2,3] [6,7] [1,7] [2,3] [1,5] [3,7] [0,3] [4,6] [3,6] [5,7] [6,7] [2,7]
Token  33: [5,7] [4,7] [0,4] [4,6] [2,3] [1,7] [4,6] [1,6] [0,3] [1,5] [1,2] [1,7] [1,4] [1,6] [3,6] [1,7] [3,4] [5,6] [0,3] [5,6] [0,1] [1,6] [0,1] [0,3] [1,2] [2,3] [2,3] [4,5] [2,3] [1,7] [0,7] [3,5]
Token  34: [2,3] [4,6] [4,5] [0,3] [2,4] [0,5] [2,6] [2,3] [3,4] [0,7] [1,3] [5,7] [4,7] [2,7] [3,4] [0,7] [2,6] [0,2] [2,6] [0,5] [1,7] [3,6] [0,3] [1,6] [2,4] [4,7] [1,4] [0,2] [4,7] [0,2] [2,6] [0,4]
Token  35: [0,1] [3,6] [0,6] [3,5] [1,5] [2,3] [5,6] [1,6] [0,3] [0,5] [0,2] [4,7] [3,6] [4,7] [0,4] [0,5] [2,5] [2,4] [2,5] [0,3] [0,2] [6,7] [2,7] [1,4] [2,4] [0,5] [2,4] [2,7] [3,7] [2,5] [4,6] [4,6]
Token  36: [3,5] [0,3] [1,2] [2,5] [3,6] [1,5] [2,4] [0,2] [4,6] [1,7] [1,2] [1,7] [4,6] [3,7] [0,4] [2,6] [1,2] [2,4] [0,7] [0,5] [1,2] [1,6] [0,1] [1,6] [1,2] [0,2] [2,4] [1,2] [2,7] [0,2] [2,6] [4,6]
Token  37: [2,5] [1,2] [2,6] [4,5] [2,6] [1,2] [0,4] [0,5] [0,3] [1,7] [4,5] [0,4] [4,6] [4,5] [4,6] [5,6] [2,7] [4,5] [1,3] [4,6] [2,4] [0,6] [0,1] [1,7] [1,3] [2,3] [0,7] [4,6] [2,6] [3,4] [1,3] [3,6]
Token  38: [5,7] [0,7] [1,6] [6,7] [5,6] [1,7] [3,4] [3,5] [3,6] [0,1] [1,3] [0,4] [4,6] [6,7] [4,7] [0,4] [3,7] [5,6] [0,2] [4,6] [1,5] [0,3] [0,5] [4,7] [1,2] [1,2] [3,5] [5,6] [1,2] [6,7] [1,4] [3,5]
Token  39: [0,2] [2,3] [1,4] [0,7] [4,6] [0,7] [4,6] [1,3] [3,6] [0,1] [2,3] [0,7] [1,6] [5,6] [6,7] [1,6] [2,7] [1,6] [0,2] [1,4] [1,5] [0,1] [0,1] [3,7] [1,2] [1,2] [0,3] [5,6] [2,6] [6,7] [1,3] [3,5]
Token  40: [2,7] [2,5] [1,2] [0,3] [2,4] [2,7] [6,7] [3,5] [3,4] [1,5] [1,3] [5,7] [0,4] [6,7] [0,3] [4,7] [1,7] [0,2] [2,4] [0,3] [1,7] [4,6] [1,3] [1,3] [4,6] [2,4] [1,5] [5,6] [0,4] [1,7] [2,6] [0,4]
Token  41: [0,1] [3,6] [4,7] [3,4] [1,6] [3,7] [1,6] [5,6] [0,6] [0,1] [0,5] [0,4] [3,6] [2,4] [1,5] [5,6] [2,7] [4,5] [0,5] [4,7] [1,5] [0,1] [1,5] [4,7] [1,3] [1,2] [3,4] [5,6] [2,6] [3,6] [1,3] [3,5]
Token  42: [3,7] [1,4] [2,4] [1,7] [4,6] [0,5] [0,6] [5,6] [2,6] [1,2] [4,5] [5,7] [4,6] [5,6] [4,6] [1,6] [4,7] [1,6] [0,3] [1,4] [1,5] [0,1] [0,5] [4,7] [1,5] [1,7] [3,4] [5,6] [2,6] [3,7] [1,3] [3,5]
Token  43: [2,4] [4,5] [1,2] [1,7] [0,4] [0,1] [0,6] [4,5] [3,6] [1,7] [1,3] [4,5] [4,5] [6,7] [0,3] [4,7] [1,3] [0,2] [2,6] [2,5] [3,7] [2,7] [1,3] [1,6] [0,5] [3,4] [1,6] [0,1] [0,4] [0,2] [2,6] [0,4]
Token  44: [0,7] [6,7] [0,7] [3,5] [1,5] [2,3] [5,6] [5,6] [0,5] [5,6] [0,2] [4,7] [3,6] [2,4] [0,4] [0,5] [5,6] [2,4] [0,3] [5,7] [0,4] [1,5] [0,5] [4,7] [4,7] [1,3] [5,7] [6,7] [1,3] [4,5] [0,4] [2,5]
Token  45: [3,5] [0,3] [2,6] [2,3] [6,7] [3,5] [2,6] [0,6] [3,4] [5,6] [0,2] [1,4] [3,6] [2,3] [4,7] [0,3] [2,3] [2,5] [0,2] [1,4] [1,5] [0,5] [0,5] [4,7] [1,2] [1,6] [3,5] [5,6] [1,2] [3,6] [0,1] [3,5]
Token  46: [2,7] [1,2] [5,7] [0,1] [5,7] [0,4] [2,3] [2,6] [3,4] [0,4] [2,5] [2,4] [4,6] [2,5] [1,4] [0,4] [2,4] [2,4] [6,7] [0,3] [2,4] [6,7] [0,7] [2,5] [1,6] [0,4] [0,4] [2,5] [0,7] [1,3] [1,2] [0,6]
Token  47: [0,1] [1,2] [5,7] [0,4] [2,5] [0,2] [1,4] [0,2] [0,3] [2,5] [2,5] [4,6] [2,6] [3,5] [4,5] [5,6] [4,6] [4,7] [6,7] [0,3] [2,4] [1,6] [0,7] [1,2] [1,7] [0,3] [0,4] [2,6] [6,7] [2,3] [1,2] [5,6]
Token  48: [5,6] [1,4] [2,6] [3,5] [0,7] [5,7] [0,1] [3,7] [3,6] [2,3] [2,5] [6,7] [0,2] [0,5] [3,6] [2,6] [2,6] [1,6] [3,4] [1,5] [0,5] [0,1] [1,7] [2,7] [1,3] [1,2] [0,5] [3,4] [4,5] [4,5] [0,6] [3,6]
Token  49: [0,1] [1,7] [2,4] [0,3] [2,5] [2,5] [1,5] [1,7] [3,6] [0,2] [2,4] [1,7] [1,2] [0,4] [1,5] [2,6] [4,6] [1,5] [3,6] [4,5] [1,5] [1,6] [1,5] [0,2] [1,7] [1,2] [0,2] [0,4] [1,2] [4,7] [0,1] [3,6]
Token  50: [5,7] [3,5] [4,5] [0,1] [2,4] [0,5] [5,6] [2,7] [3,4] [0,7] [1,3] [5,7] [0,4] [2,7] [0,3] [4,7] [2,6] [0,1] [2,7] [2,5] [5,7] [0,6] [3,6] [1,6] [3,5] [4,7] [1,6] [0,2] [4,5] [0,2] [2,6] [0,4]
Token  51: [0,1] [1,6] [2,3] [2,5] [2,7] [1,5] [0,1] [0,7] [1,6] [2,3] [4,5] [1,7] [0,2] [0,7] [1,4] [2,5] [2,6] [1,5] [1,6] [5,6] [5,6] [4,6] [1,2] [1,7] [0,1] [2,5] [0,3] [0,4] [4,5] [3,4] [6,7] [2,6]
Token  52: [5,7] [3,4] [0,1] [2,7] [2,3] [2,7] [0,1] [4,7] [1,6] [2,3] [2,5] [5,7] [1,2] [5,7] [0,3] [0,7] [2,7] [0,1] [2,6] [2,5] [5,7] [4,6] [3,6] [3,6] [3,5] [4,6] [1,6] [0,3] [0,4] [2,3] [2,6] [0,4]
Token  53: [0,4] [6,7] [0,6] [3,5] [1,5] [2,3] [1,5] [6,7] [0,5] [2,5] [0,2] [4,7] [3,6] [4,7] [0,1] [0,5] [2,5] [2,4] [2,5] [0,3] [2,4] [2,6] [0,7] [2,5] [1,7] [0,5] [2,4] [2,7] [3,7] [2,5] [4,6] [4,6]
Token  54: [3,5] [0,6] [4,7] [6,7] [3,6] [3,7] [1,5] [0,6] [0,5] [5,6] [0,2] [4,7] [3,6] [2,4] [1,5] [0,6] [2,5] [2,4] [0,5] [0,7] [4,6] [1,5] [0,7] [2,7] [1,7] [0,1] [4,7] [2,6] [3,7] [4,5] [0,4] [4,6]
Token  55: [3,7] [0,3] [3,7] [0,2] [2,5] [0,1] [1,4] [0,2] [1,3] [1,5] [2,5] [0,4] [2,6] [3,5] [1,5] [0,6] [4,6] [4,7] [6,7] [0,3] [2,4] [1,6] [0,7] [1,2] [1,7] [0,3] [0,4] [2,6] [0,7] [2,3] [1,7] [5,6]
Token  56: [5,6] [1,4] [2,6] [5,6] [4,6] [0,6] [2,3] [0,7] [1,3] [3,4] [3,5] [5,6] [2,4] [0,5] [2,3] [2,6] [2,6] [1,7] [0,3] [4,5] [1,4] [1,5] [0,4] [4,7] [1,3] [1,7] [0,7] [4,5] [0,2] [4,7] [0,1] [3,6]
Token  57: [1,4] [5,7] [1,4] [0,7] [2,4] [6,7] [2,3] [6,7] [3,6] [3,7] [3,5] [5,6] [2,4] [5,7] [3,4] [4,7] [1,2] [0,1] [2,7] [3,5] [1,6] [2,6] [0,6] [1,6] [3,5] [3,4] [1,6] [0,6] [0,4] [0,2] [2,6] [0,4]
Token  58: [1,4] [6,7] [3,7] [0,5] [2,7] [0,4] [0,3] [0,1] [3,6] [0,3] [4,5] [0,1] [1,2] [0,4] [1,5] [5,6] [4,6] [1,5] [3,6] [0,4] [4,5] [1,6] [5,7] [0,2] [1,7] [0,3] [0,4] [4,6] [1,2] [4,5] [0,1] [3,6]
Token  59: [5,7] [3,7] [0,1] [1,2] [2,5] [3,5] [2,4] [0,2] [3,4] [0,7] [1,3] [0,4] [0,4] [2,7] [0,3] [4,7] [2,7] [0,1] [2,7] [2,5] [5,7] [0,6] [3,6] [1,6] [3,5] [2,4] [1,6] [0,6] [0,4] [0,2] [2,6] [0,4]
Token  60: [0,7] [5,6] [0,7] [3,5] [1,5] [2,3] [5,6] [1,6] [0,3] [3,5] [0,5] [4,7] [3,6] [4,7] [0,4] [0,5] [5,6] [2,4] [0,1] [5,7] [4,6] [1,5] [5,7] [4,7] [4,7] [1,3] [3,7] [6,7] [3,7] [4,5] [0,4] [2,5]
Token  61: [3,5] [0,5] [2,3] [2,3] [5,7] [3,5] [2,6] [0,6] [0,4] [4,6] [0,2] [1,4] [3,6] [2,3] [4,7] [0,3] [2,3] [2,5] [0,2] [1,4] [1,5] [0,5] [0,5] [4,7] [1,2] [1,6] [3,5] [5,6] [1,2] [3,6] [0,1] [3,5]
Token  62: [2,7] [2,3] [5,7] [0,1] [5,7] [0,4] [2,7] [2,6] [3,4] [0,4] [2,5] [2,4] [4,6] [2,5] [1,4] [0,4] [2,4] [2,4] [6,7] [0,3] [2,4] [3,7] [0,7] [2,5] [1,7] [0,4] [0,4] [2,5] [2,7] [1,3] [2,7] [0,6]
Token  63: [0,1] [1,2] [5,7] [0,4] [2,5] [0,2] [1,4] [0,2] [1,3] [5,6] [2,5] [4,6] [2,6] [3,5] [4,5] [5,6] [4,6] [4,7] [6,7] [0,3] [4,6] [1,6] [0,7] [1,2] [1,7] [0,3] [0,4] [2,5] [0,7] [2,3] [1,2] [3,6]
Token  64: [0,5] [1,2] [3,6] [0,5] [1,3] [0,2] [1,4] [0,2] [3,5] [1,6] [2,4] [5,7] [1,2] [2,5] [1,5] [5,6] [4,5] [4,7] [6,7] [0,3] [4,6] [1,6] [0,7] [2,5] [1,7] [0,1] [0,4] [2,6] [0,7] [2,3] [1,7] [3,6]
Token  65: [4,6] [1,3] [2,6] [0,5] [4,6] [6,7] [3,4] [0,7] [1,3] [3,4] [2,5] [5,6] [2,7] [0,5] [3,5] [2,6] [2,4] [1,7] [0,3] [4,5] [1,4] [1,5] [1,4] [4,7] [1,3] [1,7] [0,7] [4,5] [0,2] [3,4] [1,3] [3,6]
Token  66: [1,4] [5,7] [1,4] [0,7] [2,4] [6,7] [2,3] [2,7] [3,6] [4,7] [3,5] [5,6] [2,4] [5,7] [3,4] [4,7] [1,2] [0,1] [2,7] [0,5] [1,6] [2,6] [1,6] [1,6] [3,6] [3,4] [1,6] [0,6] [0,4] [0,2] [2,6] [0,4]
Token  67: [1,5] [6,7] [3,7] [0,5] [2,7] [0,4] [0,3] [0,1] [3,6] [0,3] [4,7] [0,1] [1,2] [0,4] [1,5] [5,6] [4,6] [1,5] [3,6] [0,4] [1,5] [1,5] [0,5] [0,4] [2,7] [3,4] [0,7] [4,6] [0,2] [3,4] [0,1] [3,6]
Token  68: [5,7] [3,7] [1,3] [1,2] [3,7] [0,6] [0,2] [1,5] [3,6] [0,3] [3,4] [0,1] [4,6] [1,6] [5,7] [0,6] [3,4] [1,5] [0,2] [0,4] [1,5] [1,5] [0,4] [0,4] [1,2] [1,3] [0,3] [0,6] [0,2] [3,6] [0,1] [3,5]
Token  69: [2,7] [1,3] [1,5] [1,7] [1,4] [0,4] [0,2] [1,3] [0,6] [4,7] [2,3] [2,5] [2,4] [5,6] [3,6] [1,7] [1,2] [2,5] [2,4] [0,2] [1,7] [3,5] [2,7] [5,6] [1,6] [2,7] [0,5] [2,7] [0,7] [1,6] [2,7] [0,1]
Token  70: [0,1] [1,5] [0,5] [2,5] [2,3] [1,7] [0,1] [4,5] [1,7] [2,5] [0,2] [0,2] [3,6] [1,3] [2,7] [0,3] [0,4] [3,7] [4,7] [2,5] [5,6] [0,5] [2,6] [1,6] [1,2] [4,7] [2,3] [1,2] [1,3] [6,7] [5,7] [1,5]
Token  71: [5,6] [2,4] [0,4] [1,2] [3,7] [3,7] [0,6] [2,4] [1,4] [4,6] [0,1] [2,4] [4,6] [0,7] [5,7] [0,5] [5,7] [6,7] [0,1] [4,7] [3,4] [1,3] [0,1] [0,3] [5,6] [0,7] [3,5] [0,2] [3,6] [1,7] [5,7] [1,5]
Token  72: [0,3] [4,7] [0,5] [2,7] [0,3] [3,5] [0,5] [2,5] [1,5] [2,5] [0,2] [0,1] [3,6] [3,7] [0,2] [0,5] [6,7] [2,7] [5,7] [2,6] [1,5] [3,5] [2,6] [5,6] [2,6] [3,4] [1,2] [2,7] [3,7] [0,6] [5,7] [1,5]
Token  73: [3,5] [1,4] [2,6] [4,6] [4,7] [3,7] [0,7] [1,6] [0,3] [0,7] [2,5] [0,5] [2,6] [1,5] [3,5] [1,6] [3,4] [1,5] [1,3] [0,4] [1,5] [1,5] [0,5] [0,3] [1,2] [3,4] [0,3] [4,6] [0,2] [6,7] [0,1] [3,5]
Token  74: [2,4] [5,7] [1,5] [0,5] [0,4] [0,1] [2,6] [2,3] [0,3] [0,7] [1,3] [2,5] [0,4] [6,7] [0,3] [4,7] [2,6] [0,2] [2,6] [2,5] [1,7] [3,6] [2,6] [1,6] [5,6] [0,4] [1,4] [0,2] [4,7] [0,2] [2,6] [0,4]
Token  75: [0,7] [0,6] [0,7] [3,5] [1,5] [2,3] [5,6] [1,6] [0,5] [3,5] [0,2] [4,5] [1,3] [4,7] [0,4] [0,5] [5,6] [2,4] [0,1] [5,7] [4,6] [1,5] [5,6] [3,7] [4,7] [1,2] [5,7] [6,7] [1,3] [4,5] [0,4] [2,5]
Token  76: [3,5] [0,3] [2,3] [2,3] [5,7] [3,5] [2,6] [0,6] [0,4] [4,7] [0,2] [1,4] [3,6] [2,3] [4,7] [0,3] [3,5] [2,5] [0,2] [1,4] [1,5] [0,5] [0,5] [4,7] [0,2] [1,6] [3,5] [5,6] [1,2] [3,6] [0,1] [3,5]
Token  77: [2,3] [2,3] [5,7] [0,1] [5,7] [0,4] [2,3] [2,6] [3,4] [0,4] [2,3] [2,4] [4,5] [2,5] [1,4] [4,7] [2,6] [2,4] [6,7] [0,3] [2,4] [3,7] [0,7] [2,5] [1,7] [0,4] [0,4] [2,5] [2,7] [1,3] [2,4] [0,6]
Token  78: [0,1] [1,2] [5,7] [0,4] [2,5] [0,2] [1,4] [0,2] [1,3] [5,6] [2,5] [4,6] [1,6] [2,5] [4,5] [5,6] [4,6] [4,7] [6,7] [0,3] [4,6] [1,6] [0,7] [2,5] [1,7] [0,3] [0,4] [2,5] [0,7] [2,3] [1,2] [3,6]
Token  79: [5,6] [1,2] [3,6] [0,5] [1,3] [0,2] [1,4] [0,2] [3,5] [1,6] [2,4] [5,7] [1,2] [3,5] [1,5] [5,6] [4,5] [4,7] [6,7] [0,3] [4,6] [1,6] [0,7] [2,5] [1,7] [0,1] [0,4] [2,6] [0,7] [2,3] [1,7] [3,6]
Token  80: [4,6] [1,3] [5,6] [0,5] [4,6] [6,7] [3,4] [0,7] [1,3] [3,4] [4,5] [5,6] [2,5] [0,5] [5,6] [2,6] [2,4] [1,7] [0,3] [4,5] [1,4] [1,5] [4,7] [4,7] [1,3] [1,7] [0,7] [5,6] [0,3] [3,4] [1,3] [3,6]
Token  81: [1,4] [5,7] [1,4] [0,7] [2,4] [6,7] [2,3] [6,7] [1,3] [3,7] [3,5] [5,6] [2,4] [5,7] [3,4] [4,7] [1,2] [0,1] [4,7] [0,5] [1,7] [2,6] [1,6] [1,6] [3,6] [3,4] [1,6] [0,6] [0,4] [0,2] [2,6] [0,4]
Token  82: [1,4] [6,7] [3,7] [0,5] [2,7] [0,4] [0,3] [0,1] [3,6] [0,3] [4,7] [0,1] [1,2] [0,4] [1,5] [5,6] [4,6] [1,5] [1,3] [0,4] [1,5] [1,5] [0,1] [0,4] [2,7] [3,4] [3,7] [4,6] [0,3] [3,4] [0,1] [3,6]
Token  83: [5,7] [3,7] [1,3] [1,2] [3,7] [0,6] [0,2] [1,4] [3,6] [0,3] [3,4] [0,1] [2,6] [1,6] [5,7] [0,6] [3,4] [5,7] [0,2] [4,6] [1,5] [0,1] [0,5] [0,4] [0,2] [1,3] [3,7] [5,6] [1,2] [3,6] [0,1] [3,5]
Token  84: [2,7] [1,3] [1,5] [1,7] [1,4] [0,4] [0,7] [1,3] [0,6] [4,7] [2,3] [2,5] [4,5] [1,7] [1,3] [1,7] [1,4] [5,7] [4,7] [2,5] [1,7] [1,3] [0,2] [5,6] [2,6] [2,7] [0,1] [0,2] [0,4] [1,7] [6,7] [0,1]
Token  85: [0,1] [1,5] [0,5] [2,5] [3,7] [1,7] [0,1] [3,4] [1,7] [2,5] [0,2] [1,2] [5,6] [0,1] [0,2] [0,3] [0,4] [3,7] [4,7] [2,5] [2,6] [0,5] [1,2] [1,3] [1,2] [6,7] [2,3] [1,2] [1,3] [6,7] [5,7] [1,5]
Token  86: [5,6] [2,4] [0,4] [1,2] [4,7] [1,4] [2,5] [4,5] [2,7] [3,4] [0,6] [0,3] [4,6] [0,2] [2,7] [1,5] [1,3] [0,7] [2,4] [0,1] [2,6] [3,7] [5,7] [3,5] [2,6] [2,6] [0,3] [1,7] [3,5] [1,7] [5,7] [1,5]
Token  87: [0,3] [4,7] [0,5] [2,7] [0,3] [3,5] [0,5] [2,5] [1,5] [3,5] [0,2] [1,2] [3,5] [0,1] [0,2] [0,1] [4,7] [5,7] [5,7] [2,6] [1,6] [3,5] [0,2] [3,6] [2,6] [3,4] [0,2] [2,7] [3,7] [0,6] [4,7] [1,6]
Token  88: [3,5] [1,4] [2,6] [4,6] [4,7] [3,4] [5,7] [1,6] [0,3] [0,3] [1,3] [2,5] [2,6] [1,5] [1,5] [1,6] [4,7] [1,5] [0,3] [4,7] [1,5] [1,5] [0,5] [0,4] [1,2] [4,6] [0,3] [4,6] [0,2] [6,7] [0,3] [3,5]
Token  89: [2,4] [5,7] [1,5] [0,5] [0,4] [0,1] [2,6] [2,4] [0,3] [0,7] [1,2] [2,5] [3,5] [1,2] [0,1] [0,7] [2,7] [0,1] [2,4] [2,5] [3,7] [2,3] [3,6] [1,6] [5,6] [4,7] [1,6] [0,2] [1,4] [1,2] [6,7] [0,4]
Token  90: [0,7] [0,6] [0,7] [3,5] [1,5] [2,3] [5,6] [2,6] [0,5] [0,5] [0,2] [1,2] [3,5] [1,2] [0,1] [0,5] [5,6] [4,7] [0,1] [5,7] [0,4] [2,5] [6,7] [3,7] [3,4] [1,2] [5,7] [6,7] [3,7] [4,5] [0,4] [2,7]
Token  91: [3,5] [0,3] [2,3] [2,3] [6,7] [3,5] [2,6] [0,6] [0,4] [4,7] [0,2] [1,2] [1,3] [1,2] [4,7] [0,3] [3,5] [2,5] [0,2] [1,4] [1,5] [0,5] [0,5] [4,7] [0,1] [1,6] [3,5] [5,6] [1,2] [3,6] [0,1] [3,5]
Token  92: [2,3] [2,3] [5,7] [0,1] [5,7] [0,4] [2,3] [2,6] [3,4] [0,4] [2,5] [2,4] [4,5] [2,5] [1,4] [4,7] [2,6] [2,4] [6,7] [0,7] [2,4] [3,7] [0,7] [2,5] [1,7] [0,4] [0,4] [2,6] [2,7] [1,6] [2,4] [0,6]
Token  93: [0,1] [1,2] [5,7] [0,4] [2,5] [0,2] [1,4] [0,2] [0,3] [5,6] [2,4] [4,6] [3,5] [1,5] [4,5] [2,6] [4,6] [4,7] [6,7] [0,3] [1,4] [1,6] [0,7] [2,5] [1,7] [0,3] [0,4] [2,5] [6,7] [2,3] [1,2] [3,6]
Token  94: [5,6] [1,2] [3,7] [0,5] [1,3] [0,2] [1,4] [0,2] [1,5] [1,5] [2,4] [1,2] [3,5] [1,2] [1,5] [5,6] [2,4] [4,7] [3,6] [0,3] [2,4] [1,2] [0,7] [2,5] [1,7] [0,3] [0,4] [2,6] [6,7] [2,3] [1,7] [4,6]
Token  95: [4,6] [1,3] [5,6] [0,5] [4,6] [6,7] [2,3] [0,7] [1,3] [3,4] [4,5] [1,6] [2,5] [0,1] [2,5] [2,5] [2,7] [1,7] [1,3] [4,5] [1,4] [1,5] [1,7] [4,7] [2,3] [1,7] [0,7] [5,6] [0,2] [4,7] [1,3] [3,5]
Token  96: [1,4] [5,7] [1,4] [0,7] [2,4] [6,7] [2,3] [6,7] [1,3] [3,7] [3,5] [5,6] [2,5] [1,7] [0,2] [4,7] [1,2] [0,1] [2,7] [2,5] [1,6] [2,7] [1,6] [1,6] [3,6] [3,4] [1,6] [0,6] [0,4] [0,2] [4,6] [0,4]
Token  97: [1,4] [6,7] [3,7] [0,5] [2,7] [0,4] [0,1] [0,1] [3,6] [0,3] [2,4] [1,2] [1,5] [0,1] [1,2] [5,6] [4,7] [1,7] [1,3] [4,5] [5,6] [1,5] [0,1] [0,4] [2,7] [3,4] [0,7] [4,6] [0,1] [3,4] [0,4] [3,6]
Token  98: [5,7] [3,7] [1,3] [1,2] [3,7] [4,6] [0,2] [1,4] [3,4] [0,5] [3,4] [1,2] [5,7] [0,1] [1,2] [0,5] [3,7] [5,7] [0,1] [1,6] [1,3] [0,5] [0,3] [0,4] [1,2] [1,3] [3,5] [5,6] [0,2] [6,7] [0,7] [3,5]
Token  99: [2,7] [1,3] [1,5] [1,7] [1,4] [0,4] [0,7] [1,3] [0,6] [4,7] [2,3] [2,5] [5,7] [0,1] [1,2] [5,7] [1,7] [5,7] [1,5] [2,7] [1,7] [3,4] [2,7] [5,6] [2,6] [6,7] [5,6] [0,7] [0,4] [1,7] [6,7] [0,4]
Token 100: [0,1] [1,5] [0,5] [2,5] [3,7] [1,7] [0,1] [3,4] [1,4] [2,6] [0,3] [2,4] [3,6] [0,1] [2,4] [3,5] [0,3] [3,7] [5,7] [0,5] [2,6] [0,5] [1,2] [1,3] [0,2] [6,7] [2,3] [1,6] [0,1] [6,7] [5,7] [1,2]
Token 101: [5,6] [2,4] [0,4] [1,2] [4,7] [1,4] [0,2] [4,5] [2,7] [3,4] [0,2] [2,3] [3,4] [1,2] [2,7] [2,3] [0,7] [3,7] [1,7] [0,1] [2,6] [3,7] [1,2] [0,6] [1,5] [6,7] [0,3] [1,2] [3,5] [1,7] [5,7] [1,5]
Token 102: [0,3] [4,7] [0,5] [2,7] [0,3] [3,5] [0,5] [2,5] [1,5] [5,7] [0,2] [1,2] [3,5] [0,1] [0,2] [1,3] [4,7] [5,7] [4,7] [2,6] [1,6] [0,5] [2,4] [0,3] [2,6] [2,4] [0,2] [6,7] [0,7] [6,7] [4,7] [1,5]
Token 103: [3,5] [1,4] [2,6] [0,4] [4,7] [3,4] [5,7] [1,6] [0,3] [0,3] [1,4] [1,2] [5,7] [0,1] [1,2] [1,2] [1,7] [0,5] [1,3] [2,6] [1,6] [1,5] [0,5] [0,3] [2,5] [2,6] [0,3] [5,6] [0,2] [1,7] [3,7] [3,5]
Token 104: [2,4] [5,7] [1,5] [0,5] [0,4] [0,1] [2,6] [0,2] [0,3] [0,5] [1,2] [1,2] [5,7] [1,2] [0,2] [0,7] [2,7] [0,2] [1,2] [2,5] [1,3] [2,3] [2,6] [1,6] [3,5] [4,7] [1,6] [0,2] [1,4] [1,2] [6,7] [0,4]
Token 105: [0,7] [0,6] [0,7] [3,5] [1,5] [2,3] [5,6] [2,6] [2,5] [5,7] [0,2] [1,2] [1,3] [1,2] [0,2] [0,3] [5,7] [4,7] [0,1] [2,5] [0,6] [1,2] [6,7] [3,7] [3,4] [1,3] [5,6] [1,7] [1,3] [3,5] [0,4] [2,7]
Token 106: [3,5] [0,3] [2,3] [2,3] [6,7] [3,5] [2,6] [0,6] [2,7] [5,7] [0,2] [1,2] [1,3] [1,2] [4,7] [0,3] [3,6] [4,5] [0,2] [1,4] [1,5] [0,5] [0,5] [4,7] [0,2] [1,6] [3,5] [5,6] [1,2] [3,6] [0,1] [3,5]
Token 107: [2,3] [2,3] [5,7] [0,1] [5,7] [0,4] [2,3] [2,6] [2,4] [0,4] [2,5] [2,7] [3,5] [1,2] [1,4] [4,7] [2,4] [2,5] [6,7] [0,3] [1,2] [3,7] [2,7] [5,6] [1,6] [0,4] [0,4] [2,6] [2,7] [1,3] [2,4] [0,6]
Token 108: [0,1] [1,2] [5,7] [0,4] [2,5] [0,2] [1,4] [0,6] [0,3] [5,6] [2,4] [1,6] [1,5] [0,1] [1,2] [2,5] [0,4] [4,7] [6,7] [0,3] [1,4] [1,2] [0,7] [2,5] [1,7] [0,3] [0,4] [2,5] [0,7] [2,3] [1,5] [4,6]
Token 109: [5,6] [1,2] [3,7] [0,5] [1,3] [0,2] [1,4] [0,2] [1,5] [1,5] [2,4] [1,2] [1,5] [1,2] [2,5] [5,6] [2,4] [4,7] [1,6] [0,3] [2,4] [2,7] [2,7] [2,5] [1,4] [0,7] [0,4] [2,6] [0,7] [3,7] [1,7] [4,6]
Token 110: [4,6] [1,3] [5,6] [0,5] [4,6] [6,7] [2,3] [0,7] [1,3] [2,3] [2,5] [2,6] [2,5] [0,1] [2,5] [2,5] [1,2] [1,7] [1,3] [4,5] [1,4] [1,5] [0,1] [4,7] [2,3] [1,7] [0,7] [5,6] [0,2] [4,7] [3,7] [3,5]
Token 111: [1,4] [5,7] [1,4] [0,7] [2,4] [6,7] [2,3] [6,7] [3,6] [3,7] [3,5] [5,6] [2,5] [0,1] [0,2] [2,4] [1,2] [0,1] [4,7] [0,5] [1,6] [2,7] [1,6] [1,6] [3,6] [3,4] [1,6] [0,6] [0,4] [0,2] [4,6] [0,4]
Token 112: [1,4] [3,7] [3,7] [0,5] [2,7] [0,4] [0,1] [0,1] [3,6] [0,3] [2,4] [0,1] [1,5] [0,1] [2,5] [5,6] [4,6] [1,7] [1,3] [4,5] [5,6] [1,2] [1,5] [0,4] [2,7] [3,5] [0,7] [4,6] [0,1] [3,4] [3,4] [3,6]
Token 113: [5,7] [3,7] [1,3] [1,2] [3,7] [4,6] [2,5] [2,5] [3,4] [0,7] [0,3] [2,4] [4,6] [0,2] [4,7] [0,5] [6,7] [5,6] [2,7] [1,6] [1,3] [0,7] [0,3] [0,4] [1,2] [1,3] [3,5] [5,6] [0,2] [3,7] [4,7] [3,5]
Token 114: [2,7] [1,3] [1,5] [1,7] [1,4] [0,4] [0,7] [1,3] [0,6] [4,7] [2,3] [2,4] [5,7] [0,1] [1,2] [1,5] [1,2] [5,7] [4,5] [2,5] [1,7] [3,7] [2,7] [2,5] [2,6] [6,7] [5,6] [0,7] [0,4] [1,7] [6,7] [0,4]
Token 115: [0,1] [1,5] [0,5] [2,5] [3,7] [1,7] [0,1] [3,4] [3,4] [2,4] [0,3] [2,4] [3,6] [2,7] [2,4] [0,5] [2,4] [3,7] [4,7] [0,5] [2,6] [0,5] [1,2] [1,7] [0,2] [6,7] [0,3] [1,6] [0,1] [6,7] [5,7] [1,5]
Token 116: [5,6] [2,4] [0,4] [1,2] [4,7] [1,4] [0,2] [4,5] [2,7] [4,7] [0,2] [0,2] [3,4] [0,2] [4,7] [0,5] [5,7] [6,7] [1,6] [1,7] [5,6] [1,7] [0,6] [1,3] [0,6] [2,7] [3,5] [2,7] [3,5] [1,7] [5,7] [1,5]
Token 117: [0,3] [4,7] [0,5] [2,7] [0,3] [3,5] [0,5] [2,5] [1,5] [5,7] [0,4] [1,2] [1,5] [0,1] [0,2] [0,3] [4,7] [5,7] [4,7] [2,5] [1,6] [0,5] [2,4] [0,3] [2,6] [4,7] [0,2] [2,6] [0,7] [6,7] [4,7] [4,6]
Token 118: [3,5] [1,4] [2,6] [0,4] [4,7] [3,4] [5,7] [1,6] [0,3] [0,3] [1,3] [1,2] [5,7] [0,1] [1,2] [1,2] [1,7] [0,5] [1,3] [2,6] [1,6] [1,5] [0,5] [0,3] [2,5] [6,7] [0,5] [5,6] [0,2] [3,7] [3,4] [3,5]
Token 119: [2,4] [5,7] [1,5] [0,5] [0,4] [0,1] [2,6] [0,2] [0,3] [0,5] [1,2] [1,2] [1,5] [1,2] [0,2] [0,7] [3,7] [0,6] [1,2] [2,5] [3,7] [2,3] [3,6] [1,6] [3,5] [4,7] [1,6] [0,2] [1,4] [2,7] [6,7] [0,4]
Token 120: [0,7] [0,6] [0,7] [3,5] [1,5] [2,3] [5,6] [2,6] [5,7] [5,7] [0,4] [1,2] [1,3] [1,2] [0,2] [0,3] [5,7] [4,7] [0,1] [2,5] [3,6] [2,5] [6,7] [3,4] [3,4] [1,3] [5,6] [1,7] [1,3] [3,5] [0,4] [2,7]
Token 121: [3,5] [0,3] [2,3] [2,3] [6,7] [5,6] [2,6] [0,6] [2,7] [5,7] [0,4] [1,2] [1,3] [1,2] [2,7] [0,3] [3,6] [2,5] [0,2] [1,4] [3,5] [0,5] [0,5] [4,7] [2,3] [1,6] [3,5] [5,6] [1,2] [3,6] [0,1] [3,5]
Token 122: [2,3] [2,3] [5,7] [0,1] [5,7] [0,4] [2,3] [2,6] [2,4] [0,4] [2,5] [2,7] [3,5] [0,2] [1,2] [3,4] [1,2] [2,7] [6,7] [0,3] [1,2] [3,7] [2,7] [1,6] [1,6] [0,4] [4,6] [2,6] [2,7] [1,3] [2,4] [0,6]
Token 123: [0,1] [1,2] [5,7] [0,4] [2,5] [0,2] [1,4] [0,6] [0,3] [5,6] [2,4] [1,6] [1,5] [0,1] [1,2] [2,5] [0,4] [4,7] [1,7] [0,3] [1,4] [2,7] [3,7] [2,5] [1,7] [0,5] [0,4] [2,5] [0,7] [2,3] [4,5] [4,6]
Token 124: [5,6] [1,2] [3,7] [0,3] [1,3] [0,2] [1,6] [0,2] [1,5] [1,5] [2,4] [1,2] [1,5] [1,2] [2,5] [3,5] [2,4] [4,7] [3,6] [0,3] [2,4] [2,7] [2,7] [2,5] [1,4] [0,3] [0,4] [2,6] [0,7] [3,7] [1,7] [5,6]
Token 125: [4,6] [1,3] [5,6] [0,5] [4,6] [6,7] [1,3] [0,7] [1,3] [2,3] [2,5] [2,6] [5,7] [0,1] [2,5] [2,5] [1,2] [1,7] [1,3] [4,5] [1,4] [1,5] [1,2] [4,7] [2,3] [1,7] [0,6] [5,6] [0,2] [3,7] [3,7] [3,5]
Token 126: [1,4] [5,7] [1,4] [0,7] [2,4] [6,7] [2,3] [6,7] [3,6] [3,7] [3,5] [2,6] [5,7] [1,2] [0,2] [4,7] [1,2] [0,1] [2,4] [2,5] [6,7] [2,7] [1,6] [1,6] [3,6] [3,4] [1,6] [0,6] [0,4] [0,2] [2,4] [0,4]
Token 127: [1,4] [3,7] [3,7] [0,5] [2,7] [0,4] [0,1] [0,1] [3,6] [0,3] [2,4] [1,2] [1,5] [0,1] [2,5] [3,5] [4,6] [1,7] [1,3] [5,6] [3,6] [2,5] [1,4] [2,5] [2,7] [3,6] [0,7] [4,6] [0,1] [3,4] [3,4] [6,7]
