MODEL: mixtral_8x7b
TOKEN_COUNT: 128
ACTIVE_EXPERTS: 2
================================================================================
PROMPT TEXT:
The majority of material created for previous games , such as the <unk> system and the design of maps , was carried over . Alongside this , improvements were made to the game 's graphics and some elements were expanded , such as map layouts , mission structure , and the number of playable units per mission . A part of this upgrade involved creating unique polygon models for each character 's body . In order to achieve this , the cooperative elements incorporated into the second game were removed , as they took up a large portion of memory space needed for the improvements . They also adjusted the difficulty settings and ease of play so they could appeal to new players while retaining the essential components of the series ' gameplay . The newer systems were decided upon early in development . The character designs were done by <unk> Honjou , who had worked on the previous Valkyria Chronicles games . When creating the Nameless Squad , Honjou was faced with the same problem he had had during the first game : the military uniforms essentially destroyed character individuality , despite him needing to create unique characters the player could identify while maintaining a sense of reality within the Valkyria Chronicles world . The main color of the Nameless was black . As with the previous Valkyria games , Valkyria Chronicles III used the <unk> graphics engine . The anime opening was produced by Production I.G.
================================================================================
GENERATED TEXT:
, who had also worked on the previous games . The music was composed by  havet  , who had also worked on the previous games . The game 's theme song , "  Valkyria " , was performed by  yukari  . The game 's opening theme , "  Valkyria " , was performed by  yukari  . The game 's opening theme , "  Valkyria " , was performed by  yukari  . The game 's opening theme , "  Valkyria " , was performed by  yukari  . The game 's opening
================================================================================
EXPERT TRACE (Per token, list of layer expert IDs):
================================================================================
Token   0: [0,3] [0,2] [6,7] [0,4] [3,5] [0,3] [5,7] [2,6] [5,6] [0,3] [0,2] [0,4] [0,3] [4,7] [0,4] [0,5] [2,5] [2,4] [2,5] [2,7] [2,6] [2,3] [0,3] [1,6] [2,7] [1,5] [2,6] [1,7] [3,7] [4,5] [4,6] [4,6]
Token   1: [3,5] [0,2] [2,5] [3,4] [6,7] [1,7] [0,7] [0,3] [2,6] [0,3] [0,2] [1,4] [3,5] [2,7] [1,4] [6,7] [2,6] [2,5] [6,7] [0,7] [4,7] [3,7] [3,7] [1,6] [1,7] [0,5] [4,6] [1,2] [6,7] [2,3] [1,2] [0,6]
Token   2: [2,5] [0,2] [5,6] [4,5] [5,6] [1,2] [1,7] [0,6] [4,6] [1,3] [2,7] [0,6] [1,2] [0,5] [4,7] [2,7] [4,6] [1,4] [3,6] [0,7] [2,4] [3,7] [3,7] [1,2] [1,7] [0,5] [0,4] [2,7] [6,7] [0,2] [1,4] [4,6]
Token   3: [4,5] [2,3] [5,6] [0,5] [1,3] [2,6] [2,4] [0,6] [5,6] [0,1] [2,7] [0,3] [0,1] [1,5] [1,5] [6,7] [4,6] [2,4] [3,6] [0,7] [4,7] [3,6] [3,7] [1,2] [1,7] [0,5] [4,6] [2,7] [6,7] [0,2] [1,4] [4,6]
Token   4: [4,6] [1,4] [5,6] [0,5] [0,6] [2,3] [2,7] [0,6] [4,6] [1,3] [5,7] [0,6] [1,2] [5,7] [3,4] [2,7] [2,6] [0,1] [3,7] [0,6] [4,5] [2,7] [3,7] [3,6] [3,7] [4,7] [1,6] [3,4] [0,4] [0,2] [4,6] [0,4]
Token   5: [3,4] [4,5] [0,2] [0,5] [6,7] [1,7] [2,7] [1,6] [5,6] [0,3] [4,7] [1,3] [1,2] [0,4] [1,5] [1,6] [5,6] [1,5] [1,3] [4,7] [5,6] [1,3] [0,5] [2,7] [3,5] [5,6] [3,5] [5,7] [1,4] [3,4] [1,4] [2,7]
Token   6: [5,7] [3,4] [1,5] [1,5] [3,6] [6,7] [6,7] [1,7] [4,6] [0,4] [3,7] [0,1] [1,2] [0,6] [5,7] [0,3] [0,3] [0,5] [0,2] [1,4] [1,5] [0,4] [0,5] [0,7] [0,2] [1,7] [3,5] [5,6] [1,2] [3,6] [1,7] [3,5]
Token   7: [2,5] [1,3] [0,3] [0,7] [5,6] [1,3] [2,7] [5,6] [1,6] [1,5] [2,3] [1,2] [1,2] [1,6] [5,6] [1,7] [0,4] [5,6] [0,3] [1,4] [1,5] [0,4] [0,5] [0,7] [0,5] [2,6] [2,3] [5,7] [1,2] [6,7] [1,7] [3,7]
Token   8: [2,6] [4,5] [1,5] [0,5] [1,2] [1,4] [5,7] [2,6] [4,6] [4,7] [1,3] [2,5] [1,4] [2,7] [0,3] [4,7] [0,7] [0,2] [2,7] [2,3] [1,7] [3,4] [3,6] [1,6] [6,7] [4,6] [1,6] [0,2] [0,4] [1,2] [2,6] [0,4]
Token   9: [0,7] [6,7] [0,7] [3,5] [1,5] [2,3] [5,6] [5,6] [5,6] [4,6] [0,2] [3,4] [1,3] [2,4] [0,4] [0,2] [5,6] [4,7] [0,1] [5,7] [2,4] [2,5] [5,6] [3,4] [5,6] [1,7] [2,5] [3,7] [3,7] [4,5] [0,4] [2,7]
Token  10: [3,5] [0,3] [2,3] [2,3] [5,7] [3,5] [2,6] [0,6] [4,6] [4,7] [0,2] [1,3] [3,6] [2,3] [5,7] [0,3] [3,7] [4,5] [0,2] [1,4] [1,5] [0,1] [0,5] [4,7] [0,7] [1,7] [2,3] [5,6] [1,2] [3,6] [0,1] [3,5]
Token  11: [2,3] [1,2] [2,4] [1,6] [2,4] [1,2] [4,6] [0,7] [0,7] [0,7] [1,2] [3,5] [4,5] [6,7] [3,4] [4,7] [1,7] [0,2] [2,7] [3,5] [1,7] [0,7] [2,3] [3,4] [1,6] [1,6] [1,4] [2,3] [2,4] [1,6] [2,4] [0,6]
Token  12: [0,1] [2,7] [6,7] [1,5] [2,5] [0,1] [2,4] [6,7] [0,5] [0,7] [0,2] [0,3] [5,6] [5,7] [4,5] [2,7] [5,7] [1,4] [5,6] [4,6] [0,4] [2,6] [3,7] [1,3] [2,7] [1,5] [2,4] [2,3] [6,7] [0,2] [1,4] [4,6]
Token  13: [5,6] [1,4] [2,6] [0,6] [4,7] [4,5] [2,6] [6,7] [0,6] [4,7] [5,6] [0,3] [2,4] [5,7] [3,4] [2,7] [1,7] [0,1] [1,7] [2,5] [4,5] [2,6] [0,6] [3,7] [5,6] [4,7] [1,6] [0,3] [0,4] [0,2] [4,6] [0,4]
Token  14: [0,4] [4,5] [0,6] [0,4] [4,7] [0,1] [5,7] [6,7] [0,6] [3,4] [4,7] [0,1] [2,4] [0,4] [1,5] [5,6] [5,7] [1,7] [1,6] [3,7] [2,4] [0,7] [0,6] [1,3] [0,6] [0,7] [1,2] [2,3] [2,7] [4,5] [1,4] [2,7]
Token  15: [5,7] [0,7] [0,4] [4,5] [3,7] [0,4] [2,3] [5,7] [1,2] [2,5] [0,2] [1,3] [3,6] [0,3] [5,6] [1,3] [5,7] [3,7] [0,1] [0,6] [2,6] [0,5] [4,6] [1,3] [2,7] [6,7] [0,5] [1,7] [2,3] [0,7] [4,5] [2,5]
Token  16: [1,3] [1,4] [2,3] [4,7] [1,5] [1,7] [0,3] [1,5] [1,2] [2,5] [2,4] [2,7] [3,6] [0,1] [5,6] [3,5] [1,2] [3,6] [5,7] [1,7] [1,2] [3,5] [2,3] [0,2] [1,2] [2,3] [0,2] [4,6] [5,7] [0,2] [3,5] [1,5]
Token  17: [0,1] [0,5] [0,7] [2,7] [3,7] [1,2] [0,3] [5,7] [1,2] [2,5] [2,4] [0,1] [3,6] [1,3] [1,5] [1,5] [5,7] [5,6] [2,7] [0,3] [4,7] [3,7] [0,4] [1,6] [1,2] [1,7] [1,6] [0,2] [4,7] [1,2] [2,7] [2,7]
Token  18: [0,3] [1,2] [0,6] [1,3] [3,5] [1,3] [0,5] [2,5] [2,6] [0,3] [0,2] [0,4] [0,3] [2,7] [0,3] [0,5] [2,5] [2,4] [2,5] [0,7] [2,5] [0,3] [0,6] [4,6] [4,7] [1,5] [1,2] [3,7] [3,7] [4,5] [4,6] [2,6]
Token  19: [3,5] [0,5] [2,5] [3,4] [6,7] [1,7] [0,7] [0,2] [0,6] [0,3] [0,2] [1,4] [0,3] [2,7] [1,4] [6,7] [2,6] [2,5] [6,7] [0,7] [4,7] [3,7] [4,7] [1,6] [1,7] [0,5] [4,6] [1,2] [6,7] [2,3] [1,2] [0,6]
Token  20: [2,5] [2,3] [5,6] [4,5] [5,6] [1,2] [1,7] [0,6] [4,6] [1,3] [2,7] [0,6] [1,7] [0,5] [4,7] [2,7] [4,6] [4,7] [3,6] [0,7] [2,4] [3,7] [2,7] [1,2] [1,7] [0,5] [0,4] [2,7] [6,7] [0,2] [1,4] [4,6]
Token  21: [4,5] [2,3] [3,6] [0,5] [1,6] [2,6] [2,4] [0,6] [5,6] [0,1] [2,7] [0,3] [1,5] [3,5] [1,5] [6,7] [4,6] [1,4] [3,6] [0,7] [4,7] [3,7] [2,7] [1,2] [1,7] [0,5] [4,6] [2,7] [6,7] [0,2] [1,4] [4,6]
Token  22: [4,6] [1,4] [5,6] [0,5] [0,6] [2,3] [2,7] [0,6] [4,6] [1,3] [5,7] [0,6] [1,5] [0,5] [0,3] [2,7] [3,6] [0,1] [3,7] [0,6] [3,5] [6,7] [3,7] [3,6] [3,7] [4,7] [1,6] [3,4] [0,4] [0,2] [4,6] [0,4]
Token  23: [3,4] [4,5] [0,2] [0,5] [6,7] [1,7] [2,7] [1,6] [5,6] [0,3] [4,7] [1,3] [1,2] [0,4] [1,5] [5,6] [5,6] [1,5] [1,6] [4,7] [3,6] [1,3] [0,5] [2,3] [5,6] [5,7] [3,5] [1,7] [4,5] [4,5] [4,7] [2,7]
Token  24: [5,7] [3,4] [1,5] [1,5] [3,6] [6,7] [6,7] [0,7] [4,6] [0,4] [3,7] [0,1] [1,2] [0,6] [5,7] [0,3] [0,3] [0,5] [0,2] [1,4] [1,5] [0,1] [0,5] [0,7] [0,2] [1,2] [3,5] [5,6] [1,2] [3,6] [1,7] [3,5]
Token  25: [2,7] [1,3] [0,3] [0,7] [5,6] [1,3] [2,7] [5,6] [1,6] [1,5] [2,3] [1,2] [1,2] [1,6] [5,6] [1,7] [0,4] [5,6] [0,3] [1,4] [1,5] [0,4] [0,5] [0,7] [0,5] [2,6] [2,3] [5,7] [1,2] [6,7] [1,7] [3,7]
Token  26: [2,6] [4,5] [1,5] [0,5] [0,1] [1,4] [5,7] [2,6] [5,6] [0,7] [1,3] [2,4] [0,1] [2,7] [0,3] [0,7] [0,7] [0,2] [2,7] [2,5] [3,7] [2,3] [3,6] [1,6] [5,6] [3,4] [1,6] [0,2] [4,5] [1,2] [2,6] [0,4]
Token  27: [0,7] [6,7] [0,7] [3,5] [1,5] [2,3] [5,6] [5,6] [0,5] [4,6] [0,2] [2,4] [3,7] [2,4] [0,4] [0,2] [5,6] [4,7] [0,1] [5,7] [2,4] [1,2] [5,6] [3,4] [5,7] [1,2] [2,5] [5,7] [1,3] [4,5] [0,4] [2,7]
Token  28: [3,5] [0,3] [2,7] [2,3] [6,7] [5,6] [2,6] [0,6] [4,6] [4,7] [0,2] [1,3] [1,3] [2,3] [5,7] [0,5] [3,7] [4,5] [0,2] [1,4] [0,5] [0,1] [0,5] [4,7] [0,5] [1,7] [2,3] [5,6] [1,2] [3,6] [0,1] [3,5]
Token  29: [2,7] [2,3] [5,7] [3,5] [1,2] [1,4] [5,7] [4,6] [0,4] [4,7] [1,3] [2,4] [4,5] [2,7] [1,4] [2,4] [0,6] [2,5] [6,7] [0,3] [2,7] [0,5] [3,4] [1,6] [1,7] [0,6] [4,6] [2,7] [6,7] [1,6] [2,7] [0,6]
Token  30: [0,1] [1,4] [0,5] [2,3] [3,5] [0,4] [1,3] [5,7] [1,2] [5,7] [0,2] [2,3] [3,6] [1,3] [2,7] [0,2] [3,4] [3,7] [1,7] [0,6] [2,6] [0,3] [2,3] [0,2] [2,6] [4,6] [0,5] [1,7] [1,5] [0,7] [5,7] [1,5]
Token  31: [2,6] [2,6] [0,1] [1,2] [5,6] [0,6] [2,3] [0,7] [0,6] [0,7] [2,3] [0,2] [5,6] [5,6] [5,7] [4,6] [3,7] [4,5] [0,2] [1,4] [0,5] [0,1] [0,5] [4,7] [0,5] [1,7] [2,3] [5,6] [1,2] [3,6] [0,1] [3,5]
Token  32: [2,4] [1,4] [1,2] [1,6] [0,4] [0,5] [2,4] [6,7] [0,7] [4,7] [6,7] [3,5] [4,5] [5,6] [3,4] [4,7] [1,3] [0,2] [4,7] [0,3] [1,4] [0,4] [3,6] [0,6] [0,6] [1,6] [0,1] [3,6] [4,5] [1,6] [2,7] [1,3]
Token  33: [0,1] [5,6] [1,6] [5,7] [4,7] [0,5] [4,6] [2,7] [0,7] [0,7] [1,2] [3,5] [2,4] [6,7] [3,4] [4,7] [1,7] [0,2] [2,7] [0,3] [4,7] [2,3] [3,4] [1,6] [1,6] [5,6] [0,4] [2,3] [2,4] [1,6] [2,4] [0,6]
Token  34: [0,1] [6,7] [0,6] [3,5] [1,5] [0,1] [5,6] [2,7] [0,5] [0,7] [0,2] [0,1] [2,6] [0,7] [4,5] [5,6] [5,7] [0,7] [0,1] [5,6] [4,6] [2,3] [1,6] [2,3] [1,5] [0,7] [0,5] [1,3] [3,6] [5,7] [4,7] [2,6]
Token  35: [3,7] [4,5] [5,6] [2,3] [3,7] [0,4] [3,7] [2,7] [0,2] [0,2] [4,7] [1,3] [2,4] [0,3] [4,5] [5,6] [4,5] [6,7] [0,1] [5,6] [3,4] [3,7] [0,6] [2,3] [5,6] [0,7] [0,5] [1,5] [0,6] [5,6] [4,5] [2,7]
Token  36: [2,6] [2,5] [0,7] [2,7] [3,7] [0,1] [0,3] [5,7] [1,2] [2,5] [0,2] [1,3] [3,6] [1,3] [2,4] [2,3] [4,7] [3,7] [0,1] [5,6] [2,6] [3,5] [2,6] [1,2] [2,7] [6,7] [0,5] [1,7] [3,6] [0,7] [3,5] [2,5]
Token  37: [3,5] [2,5] [0,3] [1,7] [3,6] [0,6] [0,3] [5,7] [1,2] [2,6] [4,7] [1,2] [2,3] [0,6] [5,6] [5,6] [2,5] [3,6] [0,4] [1,3] [0,5] [1,4] [2,7] [3,6] [0,5] [2,6] [4,7] [2,5] [2,6] [0,3] [2,5] [1,5]
Token  38: [2,3] [4,5] [1,3] [1,6] [0,5] [0,1] [1,3] [5,6] [2,7] [2,6] [4,7] [2,7] [0,5] [0,1] [5,6] [1,5] [1,2] [3,6] [5,7] [0,1] [0,7] [1,7] [4,7] [4,7] [0,5] [0,4] [0,7] [4,5] [0,7] [1,2] [3,5] [1,5]
Token  39: [3,5] [4,6] [1,6] [1,7] [2,7] [0,2] [0,3] [0,5] [2,7] [2,6] [0,7] [5,7] [0,3] [0,1] [2,6] [0,5] [1,2] [3,6] [5,7] [2,7] [6,7] [1,3] [0,5] [2,3] [5,6] [0,2] [0,5] [4,5] [0,5] [1,2] [3,5] [1,5]
Token  40: [0,2] [0,7] [0,3] [1,3] [2,6] [0,4] [3,5] [2,6] [1,2] [1,6] [4,7] [1,7] [0,5] [0,1] [5,6] [4,7] [0,1] [2,5] [4,5] [2,5] [4,7] [1,4] [0,2] [2,3] [5,6] [0,7] [0,5] [6,7] [0,4] [1,7] [2,7] [0,1]
Token  41: [0,1] [0,4] [0,4] [2,3] [0,3] [0,3] [5,7] [2,7] [2,5] [2,5] [0,1] [2,4] [0,3] [6,7] [0,3] [0,7] [4,7] [0,5] [2,7] [0,2] [2,4] [3,7] [3,4] [3,6] [1,6] [1,7] [5,6] [0,7] [1,4] [1,6] [2,6] [0,4]
Token  42: [0,2] [0,6] [0,6] [2,3] [3,5] [2,3] [6,7] [2,7] [3,5] [2,7] [0,1] [3,4] [0,3] [6,7] [1,4] [0,7] [2,4] [0,2] [2,7] [0,3] [2,4] [2,3] [3,4] [1,6] [0,1] [1,5] [2,4] [2,7] [0,7] [1,6] [2,4] [0,6]
Token  43: [3,5] [0,5] [6,7] [0,5] [2,5] [1,2] [1,7] [6,7] [0,5] [0,7] [0,2] [4,6] [3,5] [5,7] [1,4] [2,7] [5,7] [1,4] [5,6] [4,6] [0,4] [2,6] [3,4] [1,4] [2,7] [1,7] [2,4] [2,3] [2,7] [0,2] [1,4] [4,6]
Token  44: [5,6] [1,4] [2,6] [0,6] [4,7] [1,4] [5,7] [0,7] [0,3] [0,4] [5,6] [0,5] [2,4] [5,7] [3,4] [2,7] [1,2] [0,1] [1,6] [2,5] [4,5] [0,6] [3,6] [1,3] [5,6] [4,7] [1,7] [0,3] [0,4] [0,2] [4,6] [0,4]
Token  45: [0,4] [4,5] [0,5] [0,4] [2,7] [0,1] [5,7] [0,2] [0,6] [0,6] [4,7] [0,1] [2,4] [0,4] [1,5] [5,6] [5,7] [1,7] [1,6] [2,7] [2,4] [0,1] [0,6] [3,4] [0,6] [1,7] [1,3] [2,3] [2,7] [4,5] [1,4] [2,7]
Token  46: [5,7] [0,7] [0,4] [2,4] [3,7] [0,4] [0,3] [0,7] [1,2] [2,5] [0,2] [1,3] [2,6] [0,3] [5,6] [1,3] [5,7] [3,7] [0,1] [6,7] [2,6] [1,5] [4,6] [1,2] [2,7] [6,7] [0,5] [1,3] [0,3] [5,7] [5,7] [5,7]
Token  47: [3,5] [0,1] [0,3] [6,7] [4,5] [1,3] [3,6] [5,7] [1,2] [2,5] [0,2] [2,3] [2,7] [0,1] [2,6] [0,5] [1,2] [3,6] [5,7] [3,6] [2,7] [2,3] [0,7] [1,2] [5,6] [5,6] [4,7] [5,6] [2,7] [0,6] [3,5] [1,5]
Token  48: [0,2] [0,1] [3,4] [3,6] [4,6] [0,1] [0,3] [6,7] [2,7] [0,2] [4,7] [2,7] [2,3] [0,1] [5,6] [0,5] [1,2] [3,6] [5,7] [0,6] [0,4] [1,7] [0,1] [3,4] [0,5] [5,6] [2,7] [0,4] [0,2] [0,2] [3,5] [1,5]
Token  49: [0,5] [2,5] [3,4] [4,6] [0,2] [0,3] [0,6] [1,7] [2,6] [1,2] [1,3] [2,5] [0,2] [0,1] [5,6] [4,5] [0,1] [5,6] [5,7] [0,2] [3,4] [1,4] [3,5] [4,7] [2,4] [2,7] [1,5] [4,6] [2,7] [4,5] [2,5] [1,5]
Token  50: [1,4] [0,2] [0,7] [2,5] [3,7] [3,7] [3,6] [2,7] [1,7] [2,5] [0,2] [1,3] [3,6] [1,3] [0,1] [0,1] [4,7] [0,5] [2,7] [0,2] [4,7] [3,7] [3,4] [4,6] [2,5] [1,6] [1,6] [0,2] [0,4] [1,7] [2,7] [0,2]
Token  51: [0,7] [0,2] [0,7] [1,3] [3,5] [1,3] [5,6] [2,6] [0,5] [4,6] [0,2] [3,4] [3,7] [2,4] [0,4] [2,4] [5,6] [4,7] [0,3] [5,7] [2,4] [0,2] [5,6] [2,3] [5,7] [1,2] [2,5] [1,7] [1,3] [4,5] [0,4] [2,7]
Token  52: [3,5] [0,3] [2,3] [2,3] [0,7] [5,6] [2,6] [0,6] [4,6] [4,7] [0,2] [1,3] [1,3] [2,3] [5,7] [0,3] [3,5] [4,5] [0,2] [1,4] [0,5] [0,1] [0,5] [4,7] [0,5] [1,5] [2,3] [5,6] [1,2] [3,6] [0,1] [3,5]
Token  53: [2,7] [2,3] [1,5] [3,5] [1,2] [1,4] [5,7] [4,6] [0,4] [4,7] [1,3] [2,4] [4,5] [2,7] [1,4] [2,4] [0,6] [2,5] [6,7] [0,3] [2,7] [0,2] [3,4] [1,6] [1,7] [0,5] [4,6] [2,7] [6,7] [1,6] [2,7] [0,6]
Token  54: [0,1] [1,5] [0,5] [2,3] [3,5] [0,1] [1,3] [4,7] [1,2] [5,7] [0,2] [2,3] [3,6] [1,3] [2,7] [0,2] [3,7] [3,7] [1,7] [0,6] [2,6] [3,7] [2,3] [0,6] [1,2] [6,7] [0,3] [1,4] [3,5] [0,7] [5,7] [1,5]
Token  55: [2,6] [2,6] [0,1] [1,2] [5,6] [0,6] [2,3] [0,7] [0,6] [0,7] [0,2] [0,2] [5,6] [3,5] [5,7] [4,6] [3,7] [4,5] [0,2] [0,4] [0,5] [0,1] [0,5] [4,7] [0,5] [1,5] [2,3] [5,6] [1,3] [3,6] [0,1] [3,5]
Token  56: [2,4] [1,4] [1,5] [1,7] [2,4] [5,6] [2,4] [2,7] [0,7] [5,7] [2,3] [3,5] [2,4] [6,7] [4,6] [4,7] [0,1] [0,2] [3,7] [0,1] [1,4] [4,6] [0,1] [0,4] [0,7] [1,6] [0,2] [6,7] [0,4] [1,7] [2,7] [1,3]
Token  57: [2,4] [3,7] [1,2] [0,6] [4,7] [0,5] [4,6] [2,7] [0,7] [5,7] [1,2] [3,5] [2,4] [5,7] [3,4] [4,7] [1,7] [0,2] [4,7] [0,3] [1,7] [2,4] [3,6] [1,6] [0,6] [1,6] [0,4] [2,3] [4,5] [1,6] [2,4] [1,3]
Token  58: [0,1] [6,7] [0,6] [3,5] [1,5] [0,1] [5,7] [2,7] [0,5] [0,5] [0,2] [0,1] [1,2] [0,7] [4,5] [5,6] [4,5] [0,7] [1,5] [4,7] [4,6] [2,3] [3,6] [1,4] [4,5] [1,7] [0,2] [1,3] [0,3] [4,5] [4,6] [2,6]
Token  59: [3,7] [4,5] [5,6] [2,3] [3,7] [0,4] [5,7] [2,7] [0,2] [2,7] [4,7] [1,3] [1,2] [0,3] [4,5] [5,6] [4,5] [6,7] [0,1] [5,6] [4,6] [3,7] [0,6] [2,3] [5,6] [0,7] [0,5] [1,5] [0,6] [5,6] [0,4] [2,7]
Token  60: [2,6] [2,5] [0,7] [2,7] [3,7] [0,1] [0,3] [0,7] [1,2] [2,5] [2,4] [1,3] [1,6] [0,3] [1,5] [5,6] [4,5] [6,7] [0,1] [5,6] [3,4] [3,7] [0,6] [2,3] [5,6] [0,7] [0,5] [1,5] [0,6] [5,6] [4,5] [2,7]
Token  61: [3,5] [2,5] [0,3] [1,7] [6,7] [1,7] [0,3] [2,7] [2,7] [2,5] [4,5] [1,2] [2,3] [0,1] [5,6] [5,6] [2,5] [3,6] [0,4] [1,3] [0,5] [1,4] [2,7] [3,6] [0,5] [2,6] [3,4] [2,5] [2,6] [0,3] [2,5] [1,5]
Token  62: [2,3] [4,5] [1,3] [1,6] [0,4] [0,1] [1,3] [2,5] [2,7] [2,6] [0,7] [2,3] [0,5] [0,1] [5,6] [1,5] [1,2] [3,6] [5,7] [0,1] [0,7] [1,4] [4,7] [4,7] [0,5] [0,4] [2,7] [4,5] [0,7] [1,2] [3,5] [1,5]
Token  63: [3,5] [4,6] [1,6] [1,7] [2,7] [0,2] [0,3] [0,5] [2,7] [2,6] [0,1] [2,5] [0,3] [0,1] [2,6] [0,5] [1,2] [3,6] [5,7] [2,7] [6,7] [1,3] [0,5] [2,3] [5,6] [0,2] [2,5] [4,5] [0,5] [1,2] [3,5] [1,5]
Token  64: [0,2] [0,7] [0,5] [1,3] [2,6] [0,4] [3,5] [2,6] [1,2] [2,6] [1,7] [1,7] [0,5] [0,1] [5,6] [0,7] [0,1] [2,5] [4,5] [2,5] [1,4] [1,4] [0,5] [2,3] [5,6] [0,7] [0,5] [6,7] [0,4] [1,7] [2,7] [0,1]
Token  65: [0,1] [0,5] [0,5] [0,2] [0,3] [0,3] [5,7] [2,7] [2,5] [2,5] [0,1] [2,4] [0,5] [2,7] [0,3] [0,7] [0,7] [0,5] [2,7] [0,2] [2,4] [3,7] [3,4] [3,6] [5,6] [1,7] [1,6] [0,7] [0,4] [1,6] [2,6] [0,4]
Token  66: [0,2] [0,6] [0,6] [2,3] [3,5] [2,3] [6,7] [2,6] [3,5] [2,5] [0,1] [2,4] [3,5] [0,7] [1,4] [0,7] [6,7] [0,2] [2,7] [0,3] [2,4] [2,3] [3,4] [1,6] [0,1] [1,5] [2,4] [2,7] [2,7] [3,6] [2,4] [0,6]
Token  67: [3,5] [0,5] [6,7] [0,5] [2,5] [1,2] [2,7] [2,6] [0,5] [0,7] [0,2] [4,6] [3,5] [5,7] [1,4] [2,7] [5,6] [1,4] [5,6] [4,6] [0,4] [2,6] [3,6] [1,4] [2,7] [1,7] [2,4] [2,3] [2,7] [0,2] [1,4] [4,6]
Token  68: [5,6] [1,4] [2,6] [0,6] [0,4] [1,4] [5,7] [0,7] [0,3] [0,4] [5,7] [0,5] [2,4] [5,7] [0,4] [2,7] [1,2] [0,1] [1,3] [2,5] [4,5] [0,6] [3,6] [1,3] [5,6] [4,7] [1,6] [0,3] [0,4] [0,2] [4,6] [0,4]
Token  69: [0,4] [4,5] [0,5] [0,4] [2,7] [0,1] [5,7] [2,7] [0,5] [0,4] [4,7] [0,1] [2,4] [0,4] [1,5] [5,6] [5,7] [1,7] [1,6] [0,7] [2,5] [0,1] [5,6] [3,4] [0,6] [1,7] [1,3] [3,5] [2,7] [4,5] [1,4] [2,7]
Token  70: [5,7] [0,7] [0,7] [2,4] [3,7] [0,4] [0,3] [2,7] [1,2] [2,5] [2,4] [1,3] [1,6] [0,3] [1,5] [3,6] [4,5] [3,7] [0,1] [1,7] [2,6] [0,1] [4,6] [1,4] [0,6] [6,7] [0,3] [1,3] [3,7] [5,7] [4,7] [2,7]
Token  71: [3,5] [0,1] [0,3] [1,7] [4,7] [0,1] [3,6] [5,7] [2,7] [0,2] [2,6] [2,3] [2,4] [0,1] [5,6] [1,5] [2,5] [3,6] [4,5] [1,3] [2,5] [2,7] [0,7] [1,2] [5,6] [5,6] [4,7] [1,6] [0,7] [0,6] [3,5] [1,5]
Token  72: [0,2] [0,1] [3,4] [3,6] [4,5] [0,1] [0,3] [6,7] [2,7] [0,2] [1,2] [2,3] [0,5] [0,1] [5,6] [1,5] [1,2] [3,6] [5,7] [0,6] [0,4] [1,7] [0,1] [3,4] [0,5] [5,7] [2,7] [0,4] [0,2] [0,2] [3,5] [1,5]
Token  73: [0,5] [2,5] [3,4] [4,6] [0,2] [0,3] [0,6] [1,6] [2,6] [1,2] [1,3] [2,5] [0,5] [0,1] [0,1] [0,7] [1,7] [5,6] [2,5] [0,2] [4,7] [3,7] [3,4] [2,6] [2,4] [2,7] [1,6] [0,6] [1,4] [1,2] [5,6] [0,4]
Token  74: [1,4] [0,2] [0,7] [2,5] [3,7] [3,7] [3,6] [2,7] [2,7] [0,5] [0,1] [2,3] [0,5] [1,2] [0,4] [0,7] [2,7] [0,5] [2,7] [0,2] [4,7] [3,7] [0,3] [1,6] [1,5] [1,6] [2,6] [0,1] [1,4] [1,7] [4,7] [0,2]
Token  75: [0,7] [0,2] [0,7] [0,3] [1,3] [2,3] [5,6] [2,6] [0,5] [4,5] [0,2] [2,4] [1,3] [1,2] [0,4] [0,4] [5,6] [4,7] [0,1] [5,7] [2,4] [0,2] [5,6] [2,3] [3,5] [1,2] [2,5] [1,7] [0,3] [3,5] [0,4] [2,7]
Token  76: [3,5] [0,3] [2,3] [2,3] [0,7] [5,6] [2,6] [0,7] [0,6] [4,7] [0,2] [1,3] [1,3] [1,2] [5,7] [0,4] [3,5] [4,5] [0,2] [1,4] [0,5] [0,1] [0,5] [4,7] [0,5] [1,5] [2,3] [5,6] [1,2] [3,6] [0,1] [3,5]
Token  77: [2,7] [2,3] [1,5] [3,5] [1,2] [1,4] [5,7] [2,6] [0,4] [4,7] [1,3] [2,4] [4,5] [2,5] [1,4] [2,4] [0,6] [2,5] [6,7] [0,3] [2,7] [0,2] [3,4] [1,6] [1,7] [0,6] [4,6] [2,7] [6,7] [1,6] [2,7] [0,6]
Token  78: [0,1] [1,5] [0,5] [0,2] [3,5] [0,1] [1,5] [4,7] [1,2] [4,7] [0,4] [2,3] [0,3] [0,2] [2,7] [2,4] [0,7] [3,7] [1,3] [0,1] [2,6] [3,7] [2,7] [0,2] [1,3] [1,7] [0,3] [1,3] [3,5] [0,1] [3,5] [1,5]
Token  79: [2,6] [2,6] [0,1] [1,2] [5,6] [0,6] [2,3] [0,7] [0,6] [0,7] [2,4] [0,1] [1,5] [0,1] [2,5] [5,6] [3,7] [4,5] [0,2] [0,4] [0,5] [0,1] [0,5] [4,7] [0,5] [1,7] [2,3] [5,6] [1,3] [3,6] [1,7] [3,5]
Token  80: [2,4] [1,4] [1,5] [1,7] [2,4] [5,6] [2,4] [2,7] [0,7] [5,7] [2,3] [2,3] [2,5] [1,5] [1,5] [1,7] [0,1] [2,5] [3,7] [0,1] [1,4] [4,6] [1,5] [0,3] [0,7] [1,6] [0,2] [6,7] [0,4] [1,7] [2,7] [1,3]
Token  81: [2,4] [3,7] [1,2] [0,6] [4,7] [0,5] [4,6] [2,7] [0,7] [5,7] [1,2] [2,6] [4,5] [0,1] [1,5] [4,7] [1,7] [0,2] [4,7] [0,3] [1,7] [2,4] [3,4] [0,6] [0,6] [1,2] [0,4] [2,3] [4,5] [1,6] [2,4] [0,4]
Token  82: [0,1] [6,7] [0,6] [3,5] [2,5] [0,1] [2,7] [2,7] [0,5] [0,5] [0,2] [1,2] [3,5] [0,1] [1,2] [3,5] [4,5] [0,7] [1,5] [5,7] [3,6] [2,5] [1,6] [4,6] [5,7] [1,5] [0,2] [1,7] [0,3] [4,5] [4,7] [2,6]
Token  83: [3,7] [4,5] [5,6] [2,3] [3,7] [0,4] [5,7] [2,7] [0,5] [2,7] [2,4] [1,3] [2,5] [0,1] [2,5] [2,6] [4,5] [6,7] [0,1] [5,6] [3,6] [2,3] [3,6] [2,3] [1,4] [5,6] [0,5] [1,7] [1,3] [3,5] [0,4] [2,7]
Token  84: [2,6] [2,5] [0,7] [2,7] [3,7] [0,1] [0,3] [2,7] [1,2] [2,5] [2,4] [1,3] [1,6] [0,3] [2,5] [2,6] [4,5] [4,7] [0,1] [5,6] [3,6] [2,3] [1,6] [2,3] [1,5] [0,6] [0,5] [1,3] [3,6] [5,7] [4,7] [2,7]
Token  85: [3,5] [2,5] [0,3] [1,7] [6,7] [1,6] [5,7] [5,6] [2,7] [4,5] [0,4] [0,2] [1,4] [0,2] [2,7] [2,3] [0,7] [3,7] [1,3] [1,6] [2,6] [0,1] [2,7] [4,7] [1,3] [1,7] [0,3] [1,3] [3,5] [0,1] [3,5] [1,5]
Token  86: [2,3] [4,5] [1,3] [1,6] [0,4] [0,1] [3,5] [2,5] [4,5] [4,6] [0,1] [2,4] [0,6] [0,7] [4,7] [0,5] [5,6] [6,7] [0,1] [3,7] [3,4] [1,3] [0,6] [3,5] [5,6] [4,7] [1,5] [0,2] [3,6] [1,4] [3,5] [1,5]
Token  87: [3,5] [4,6] [1,6] [1,7] [2,7] [0,2] [0,3] [0,5] [2,7] [2,6] [0,3] [1,4] [4,6] [0,7] [5,7] [0,5] [5,7] [6,7] [0,1] [4,6] [3,5] [0,1] [0,1] [0,3] [5,6] [5,7] [3,5] [0,2] [3,6] [1,7] [3,5] [1,5]
Token  88: [0,2] [0,7] [0,3] [1,3] [2,6] [0,4] [3,5] [2,6] [1,2] [2,6] [1,7] [1,2] [0,5] [0,1] [2,6] [1,7] [0,1] [0,5] [4,5] [0,5] [4,7] [1,3] [0,4] [0,3] [5,6] [4,7] [1,6] [0,6] [0,4] [1,7] [2,7] [0,2]
Token  89: [0,1] [0,5] [0,5] [0,2] [0,3] [2,3] [5,7] [2,7] [2,5] [2,5] [0,1] [1,2] [3,5] [1,2] [0,2] [3,7] [3,7] [0,5] [2,7] [0,2] [2,4] [0,3] [3,4] [0,6] [1,5] [1,7] [0,6] [0,3] [0,4] [1,6] [2,6] [0,4]
Token  90: [0,2] [0,6] [0,6] [2,3] [3,5] [2,3] [6,7] [2,6] [0,5] [0,5] [1,2] [1,2] [3,5] [1,2] [1,2] [0,3] [4,7] [0,2] [5,7] [0,3] [2,4] [2,3] [3,4] [1,6] [1,2] [1,5] [4,6] [2,7] [0,7] [3,6] [2,4] [4,6]
Token  91: [3,5] [0,5] [6,7] [0,5] [2,5] [1,6] [2,7] [2,6] [5,7] [5,7] [2,4] [1,2] [1,5] [0,1] [1,5] [2,3] [6,7] [4,7] [5,6] [4,6] [0,4] [2,6] [3,6] [1,4] [2,6] [5,7] [2,4] [2,5] [0,7] [0,2] [1,4] [4,6]
Token  92: [5,6] [1,4] [2,6] [0,6] [0,4] [1,4] [5,7] [0,7] [0,3] [0,7] [1,5] [0,2] [2,5] [0,1] [1,4] [2,3] [1,2] [0,1] [1,3] [2,5] [3,5] [2,6] [3,6] [1,3] [5,6] [4,7] [1,6] [0,3] [0,4] [2,3] [4,6] [0,4]
Token  93: [0,4] [4,5] [0,5] [4,7] [4,7] [0,1] [5,7] [2,7] [0,5] [0,5] [4,7] [0,1] [2,5] [0,1] [1,5] [5,6] [5,7] [1,7] [1,6] [6,7] [2,6] [0,1] [2,6] [3,4] [0,6] [1,7] [0,2] [1,3] [2,7] [4,5] [4,7] [2,6]
Token  94: [5,7] [0,7] [0,7] [2,4] [3,7] [0,4] [0,3] [2,7] [1,2] [2,5] [2,4] [1,2] [1,6] [0,1] [1,5] [3,5] [5,7] [3,7] [0,1] [5,7] [2,6] [0,1] [4,6] [1,7] [2,6] [6,7] [0,5] [1,6] [0,3] [5,7] [4,7] [6,7]
Token  95: [3,5] [0,1] [0,3] [1,7] [4,7] [1,4] [2,6] [6,7] [2,6] [3,5] [0,2] [2,3] [3,4] [0,1] [5,6] [1,5] [2,5] [3,6] [4,5] [1,3] [2,5] [0,2] [1,7] [1,2] [5,6] [5,6] [4,7] [1,6] [2,7] [0,6] [3,5] [1,5]
Token  96: [0,2] [0,1] [3,4] [3,6] [4,5] [0,1] [3,6] [5,7] [2,7] [0,4] [0,3] [2,4] [1,5] [0,4] [4,7] [0,5] [5,7] [0,6] [1,4] [2,7] [5,6] [1,7] [0,6] [1,3] [0,6] [2,7] [1,5] [2,7] [3,5] [0,1] [3,5] [1,5]
Token  97: [0,5] [2,5] [3,4] [4,6] [0,2] [0,3] [0,6] [1,7] [2,6] [0,2] [1,3] [2,6] [0,5] [0,1] [0,2] [0,7] [2,7] [0,5] [2,7] [0,5] [3,7] [3,7] [3,4] [2,6] [2,5] [4,7] [1,6] [0,6] [1,4] [1,2] [5,6] [0,4]
Token  98: [1,4] [0,2] [0,7] [2,5] [3,7] [3,7] [0,6] [2,7] [0,7] [0,5] [0,1] [1,2] [3,5] [1,2] [0,2] [0,3] [3,7] [0,5] [1,7] [0,2] [2,6] [0,3] [2,3] [0,6] [1,5] [6,7] [2,6] [0,1] [0,1] [1,7] [6,7] [0,2]
Token  99: [0,7] [0,2] [0,7] [0,3] [1,3] [2,3] [0,5] [2,3] [2,5] [5,7] [0,2] [1,2] [1,3] [1,2] [0,2] [0,3] [5,6] [4,7] [0,1] [2,5] [0,4] [0,2] [5,6] [2,3] [4,5] [1,2] [2,5] [1,7] [1,3] [3,5] [0,4] [2,7]
Token 100: [3,5] [0,3] [2,3] [2,3] [0,7] [5,6] [2,6] [0,2] [6,7] [4,7] [2,4] [1,2] [1,3] [1,2] [2,5] [0,4] [1,3] [4,5] [0,2] [1,4] [0,5] [0,5] [0,5] [4,7] [0,5] [1,5] [2,3] [5,6] [1,2] [3,6] [0,1] [3,5]
Token 101: [2,7] [2,3] [1,5] [3,5] [1,2] [1,4] [5,7] [0,6] [0,4] [4,7] [2,3] [2,6] [4,5] [1,2] [2,5] [3,4] [0,1] [2,5] [5,7] [0,3] [2,7] [0,5] [3,4] [1,6] [1,7] [3,6] [4,6] [2,7] [0,7] [1,6] [2,7] [0,4]
Token 102: [0,1] [1,5] [0,5] [0,2] [3,5] [1,7] [1,2] [4,7] [4,5] [2,5] [0,3] [3,4] [3,4] [4,7] [5,7] [0,5] [5,7] [6,7] [0,4] [4,6] [4,5] [1,6] [0,7] [3,7] [5,6] [0,7] [3,5] [2,6] [0,3] [1,7] [5,7] [1,5]
Token 103: [2,6] [2,6] [0,1] [1,2] [5,6] [0,6] [2,3] [0,7] [0,6] [0,7] [2,4] [0,1] [1,5] [0,1] [2,5] [3,6] [3,4] [5,7] [0,1] [4,6] [0,5] [0,1] [0,5] [4,7] [0,5] [0,1] [2,3] [5,6] [0,2] [3,6] [1,7] [3,5]
Token 104: [2,4] [1,4] [1,5] [1,7] [2,4] [5,6] [2,4] [2,7] [0,7] [5,7] [2,3] [2,5] [2,5] [0,1] [2,5] [4,7] [0,1] [2,5] [3,7] [1,7] [1,4] [4,5] [0,1] [0,3] [0,7] [1,6] [0,2] [6,7] [0,2] [1,7] [4,7] [1,3]
Token 105: [2,4] [3,7] [1,2] [0,6] [4,7] [0,5] [4,6] [2,7] [0,7] [5,7] [1,2] [2,6] [4,5] [1,2] [1,2] [3,7] [0,1] [0,2] [4,7] [0,3] [1,7] [2,4] [3,4] [0,6] [0,6] [1,3] [0,4] [2,6] [0,4] [1,6] [2,4] [0,4]
Token 106: [0,1] [6,7] [0,6] [3,5] [2,5] [0,1] [2,7] [2,7] [0,5] [0,5] [2,4] [1,2] [1,5] [0,1] [2,5] [3,5] [4,5] [0,7] [1,5] [6,7] [3,6] [2,5] [3,6] [4,6] [4,5] [3,7] [0,2] [1,7] [0,3] [4,5] [4,7] [2,6]
Token 107: [3,7] [4,5] [5,6] [2,3] [3,7] [0,4] [5,7] [2,7] [0,5] [0,2] [4,7] [1,2] [2,5] [0,1] [2,5] [2,3] [4,5] [6,7] [0,1] [5,6] [3,6] [2,5] [3,6] [2,3] [3,7] [5,6] [0,5] [1,6] [0,1] [5,7] [4,7] [2,7]
Token 108: [2,6] [2,5] [0,7] [2,7] [3,7] [0,1] [0,3] [2,7] [1,2] [2,5] [2,4] [1,2] [1,5] [0,3] [2,5] [1,6] [4,5] [3,7] [0,1] [5,6] [0,6] [2,3] [1,6] [1,3] [1,5] [5,6] [0,5] [1,6] [0,3] [5,7] [4,7] [2,7]
Token 109: [3,5] [2,5] [0,3] [0,1] [6,7] [1,6] [1,2] [5,7] [1,2] [4,7] [0,4] [2,3] [1,6] [0,2] [2,7] [2,3] [0,7] [3,7] [1,3] [1,6] [2,6] [1,3] [2,7] [4,7] [1,3] [1,7] [0,3] [0,1] [3,5] [0,1] [3,5] [1,5]
Token 110: [2,3] [4,5] [1,3] [1,6] [0,7] [1,4] [3,5] [2,6] [4,5] [4,7] [0,3] [2,4] [0,3] [2,7] [2,4] [4,5] [5,7] [6,7] [0,1] [1,7] [3,4] [1,7] [0,5] [2,3] [5,6] [2,7] [3,5] [2,7] [3,5] [1,7] [3,5] [1,5]
Token 111: [3,5] [4,6] [1,2] [1,7] [2,7] [0,2] [0,3] [0,5] [2,4] [2,6] [0,3] [4,5] [4,6] [0,7] [5,7] [0,5] [5,7] [0,6] [1,4] [2,4] [3,4] [1,7] [0,1] [2,3] [5,6] [0,7] [3,5] [0,2] [3,6] [0,1] [3,5] [1,5]
Token 112: [0,2] [0,7] [0,5] [1,3] [2,6] [0,4] [3,5] [2,6] [1,2] [2,6] [1,7] [2,6] [0,5] [0,1] [1,2] [0,7] [0,2] [0,5] [4,5] [0,5] [3,7] [1,3] [3,4] [0,6] [0,5] [4,7] [0,6] [0,6] [1,4] [1,7] [6,7] [0,2]
Token 113: [0,1] [0,5] [0,5] [0,2] [0,3] [2,3] [5,7] [2,7] [2,5] [2,5] [1,2] [1,2] [5,7] [1,2] [0,2] [0,3] [3,7] [0,5] [2,7] [0,2] [2,3] [3,7] [3,4] [0,6] [1,5] [1,7] [0,6] [0,3] [0,4] [1,7] [2,6] [0,4]
Token 114: [0,2] [0,6] [0,6] [2,3] [3,5] [2,3] [6,7] [2,6] [0,5] [0,5] [1,2] [1,2] [1,5] [1,2] [1,2] [0,3] [4,7] [0,2] [5,7] [0,2] [2,3] [2,3] [3,4] [1,6] [1,2] [1,5] [2,4] [2,7] [0,7] [5,6] [2,4] [4,6]
Token 115: [3,5] [0,5] [6,7] [0,5] [2,5] [1,6] [2,7] [0,6] [5,7] [5,7] [2,4] [0,1] [1,5] [0,1] [1,5] [2,3] [5,7] [4,7] [5,6] [0,6] [0,4] [2,6] [3,6] [1,4] [2,7] [5,7] [2,4] [2,5] [0,7] [0,2] [1,4] [4,6]
Token 116: [5,6] [1,4] [2,6] [0,6] [0,4] [1,4] [5,7] [0,7] [0,3] [0,7] [1,5] [0,2] [5,7] [0,1] [2,4] [2,3] [1,7] [0,1] [1,3] [2,5] [3,5] [2,6] [3,6] [1,3] [5,6] [4,7] [1,6] [0,3] [0,4] [2,3] [4,6] [0,4]
Token 117: [0,4] [4,5] [0,5] [4,7] [2,7] [0,1] [5,7] [2,7] [0,5] [0,5] [4,7] [0,1] [2,5] [0,1] [1,2] [2,5] [5,7] [5,7] [1,6] [6,7] [2,6] [0,1] [2,6] [4,5] [2,6] [1,5] [0,6] [0,3] [0,2] [4,5] [4,6] [2,6]
Token 118: [5,7] [0,7] [0,7] [1,4] [3,7] [0,4] [0,3] [2,7] [2,7] [2,5] [2,4] [1,2] [1,6] [0,1] [1,5] [5,6] [5,7] [4,7] [0,1] [2,7] [2,6] [0,1] [4,6] [1,4] [2,6] [6,7] [0,5] [1,6] [0,3] [5,7] [4,7] [2,7]
Token 119: [3,5] [0,1] [0,3] [1,7] [4,7] [1,4] [2,6] [5,6] [4,6] [4,6] [0,6] [2,4] [1,3] [2,4] [1,4] [2,4] [5,6] [4,7] [0,3] [4,5] [4,5] [0,7] [0,5] [2,4] [3,5] [1,5] [4,5] [6,7] [0,3] [0,1] [3,5] [1,5]
Token 120: [0,2] [0,1] [3,4] [3,6] [4,5] [0,1] [3,6] [5,7] [6,7] [4,6] [0,3] [3,4] [3,4] [4,7] [4,5] [0,5] [2,5] [3,6] [5,7] [0,3] [0,4] [1,7] [0,1] [4,7] [0,5] [5,6] [2,7] [0,4] [0,2] [0,2] [3,5] [1,5]
Token 121: [0,5] [2,5] [3,4] [4,6] [0,2] [0,3] [0,6] [1,7] [2,6] [0,2] [1,3] [2,6] [0,5] [1,2] [0,2] [0,7] [2,7] [0,5] [2,7] [0,5] [3,7] [3,7] [3,4] [2,6] [1,2] [1,4] [0,6] [0,6] [1,4] [1,2] [4,6] [0,4]
Token 122: [1,4] [0,2] [0,7] [2,5] [3,7] [1,3] [5,6] [2,7] [0,7] [0,5] [0,1] [1,2] [1,5] [1,2] [0,2] [0,3] [3,7] [0,7] [1,7] [2,5] [2,6] [0,3] [2,3] [0,6] [1,5] [6,7] [2,6] [0,1] [0,1] [1,7] [6,7] [0,2]
Token 123: [0,7] [1,2] [0,7] [0,3] [1,3] [2,3] [0,5] [2,3] [2,5] [5,7] [0,2] [1,2] [1,3] [1,2] [0,2] [0,3] [5,7] [4,7] [0,1] [5,7] [0,4] [0,2] [5,6] [2,3] [4,5] [1,2] [2,5] [1,7] [1,3] [3,5] [0,4] [2,7]
Token 124: [3,5] [0,3] [2,3] [2,3] [0,7] [5,6] [2,6] [0,2] [6,7] [6,7] [2,4] [1,2] [1,5] [1,2] [2,5] [0,3] [1,3] [4,5] [0,2] [1,4] [0,5] [0,5] [0,5] [4,7] [0,2] [1,5] [2,3] [5,6] [1,2] [3,6] [0,1] [3,5]
Token 125: [2,7] [2,3] [5,7] [3,5] [1,2] [1,4] [5,7] [0,6] [0,4] [4,7] [2,3] [2,6] [5,7] [1,2] [2,5] [3,4] [0,1] [2,5] [5,7] [0,3] [1,2] [0,5] [4,5] [1,6] [1,7] [3,6] [4,6] [2,7] [0,7] [1,6] [2,7] [0,4]
Token 126: [0,1] [1,5] [0,5] [0,2] [3,5] [1,7] [1,2] [3,7] [2,4] [4,6] [0,6] [2,3] [1,4] [0,2] [0,2] [2,5] [3,7] [6,7] [4,7] [0,1] [2,6] [3,7] [0,7] [4,5] [3,4] [6,7] [0,3] [1,4] [0,5] [1,7] [5,7] [1,5]
Token 127: [2,6] [2,6] [0,1] [1,2] [5,6] [0,6] [2,3] [0,7] [0,6] [0,7] [2,4] [0,1] [1,5] [0,1] [2,5] [3,6] [3,4] [5,7] [0,2] [0,4] [0,5] [0,1] [0,5] [4,7] [0,2] [1,5] [2,3] [5,6] [0,2] [3,6] [1,4] [3,5]
