MODEL: mixtral_8x7b
TOKEN_COUNT: 128
ACTIVE_EXPERTS: 2
================================================================================
PROMPT TEXT:
Famitsu enjoyed the story , and were particularly pleased with the improvements to gameplay . Japanese gaming site Game Watch Impress , despite negatively noting its pacing and elements recycled from previous games , was generally positive about its story and characters , and found its gameplay entertaining despite off @-@ putting difficulty spikes . 4Gamer.net writer Naohiko <unk> , in a " Play Test " article based on the game 's PSN demo , felt that Valkyria Chronicles III provided a " profound feeling of closure " for the Valkyria Chronicles series . He praised its gameplay despite annoying limitations to aspects such as special abilities , and positively noted its shift in story to a tone similar to the first game .
================================================================================
GENERATED TEXT:


## Valkyria Chronicles 3 Ps3 Iso Download

Valkyria Chronicles III is a tactical role-playing game in which the player controls a unit of soldiers in battle against an opposing military force . The player directly controls the unit's leader , Kurt Irving , while the other members of the unit are controlled by the game's artificial intelligence . The player can issue commands to the other members of the unit , such as moving them to a specific location or having them attack a specific target . The player can also switch control to any member of the unit at any time .
================================================================================
EXPERT TRACE (Per token, list of layer expert IDs):
================================================================================
Token   0: [3,7] [2,3] [0,2] [4,5] [4,5] [0,6] [1,4] [0,2] [1,6] [3,7] [2,4] [3,5] [2,6] [0,4] [2,6] [3,7] [3,7] [4,6] [0,7] [1,6] [3,6] [6,7] [2,3] [1,3] [2,7] [2,7] [0,7] [1,4] [2,5] [0,3] [3,5] [2,6]
Token   1: [5,6] [1,6] [6,7] [3,4] [6,7] [3,6] [0,3] [1,5] [1,7] [3,4] [0,4] [2,3] [0,3] [2,4] [4,7] [2,4] [3,7] [3,7] [1,4] [0,1] [1,2] [2,5] [2,4] [6,7] [1,7] [1,2] [2,5] [1,7] [3,5] [3,5] [0,4] [2,7]
Token   2: [0,6] [5,7] [4,5] [0,4] [6,7] [0,7] [1,4] [0,5] [6,7] [1,4] [0,3] [0,2] [0,3] [0,2] [1,7] [2,4] [4,7] [3,7] [0,7] [1,5] [1,4] [0,2] [1,5] [2,7] [2,5] [1,2] [4,7] [1,4] [3,6] [3,5] [0,7] [2,7]
Token   3: [2,6] [2,7] [0,3] [1,3] [5,6] [1,7] [2,7] [2,6] [5,6] [0,5] [3,4] [2,4] [1,3] [0,2] [5,7] [1,2] [0,2] [3,7] [0,4] [1,3] [3,5] [1,4] [2,4] [4,6] [0,3] [2,6] [4,7] [2,5] [2,5] [0,3] [3,5] [1,5]
Token   4: [2,3] [4,5] [1,3] [1,6] [0,5] [0,1] [1,3] [2,5] [2,7] [0,6] [1,7] [2,7] [0,3] [0,1] [5,6] [1,5] [1,2] [3,6] [5,7] [0,1] [2,7] [1,4] [0,7] [4,7] [0,5] [0,4] [0,7] [4,5] [5,7] [1,2] [3,5] [1,5]
Token   5: [0,5] [5,6] [1,6] [1,7] [2,7] [0,1] [1,3] [0,5] [2,7] [2,6] [0,1] [5,7] [0,3] [0,1] [2,6] [0,7] [1,2] [3,6] [5,7] [2,7] [3,6] [1,3] [0,5] [2,3] [5,6] [0,2] [0,5] [4,5] [5,7] [1,2] [3,5] [1,5]
Token   6: [0,2] [5,7] [0,3] [1,3] [2,7] [0,4] [3,5] [2,6] [1,6] [1,6] [4,7] [1,7] [0,6] [0,3] [5,6] [0,7] [0,1] [2,5] [4,5] [1,2] [3,4] [1,4] [0,5] [2,3] [5,6] [0,7] [1,5] [6,7] [0,4] [1,7] [2,7] [1,7]
Token   7: [1,2] [0,3] [4,6] [0,1] [2,3] [4,7] [1,2] [2,5] [1,6] [4,6] [0,3] [2,7] [0,4] [0,1] [6,7] [0,5] [0,2] [3,6] [1,5] [1,6] [3,4] [1,6] [0,1] [1,3] [2,5] [3,7] [3,5] [2,6] [2,5] [1,2] [3,5] [1,5]
Token   8: [1,2] [0,7] [4,5] [0,1] [1,3] [0,6] [5,7] [2,6] [5,6] [0,6] [1,7] [1,5] [0,5] [0,2] [5,6] [1,7] [0,7] [0,5] [4,7] [1,5] [3,4] [1,7] [0,5] [0,3] [5,6] [1,7] [1,5] [1,6] [0,3] [1,7] [2,7] [2,7]
Token   9: [1,4] [0,7] [2,4] [0,3] [2,3] [1,7] [2,5] [2,6] [1,6] [0,5] [1,7] [1,2] [0,3] [0,1] [1,5] [1,2] [0,6] [0,7] [1,3] [2,3] [3,4] [1,7] [0,5] [0,3] [5,6] [0,7] [3,5] [2,6] [3,6] [1,7] [5,7] [2,7]
Token  10: [1,2] [0,6] [2,6] [0,1] [2,6] [3,6] [5,6] [5,6] [0,1] [5,6] [1,2] [1,5] [0,1] [1,3] [3,6] [1,7] [0,3] [0,5] [4,7] [1,5] [0,4] [1,4] [0,5] [0,7] [0,5] [0,1] [1,5] [0,1] [3,6] [1,7] [2,7] [2,7]
Token  11: [2,4] [0,2] [3,4] [5,6] [4,5] [1,7] [2,7] [5,6] [5,7] [0,5] [4,7] [2,6] [0,3] [0,1] [1,7] [1,2] [0,2] [3,7] [0,4] [1,6] [5,6] [0,1] [0,6] [0,3] [3,5] [2,7] [0,3] [6,7] [1,6] [0,3] [3,5] [1,5]
Token  12: [2,6] [2,6] [1,3] [2,4] [2,7] [4,6] [1,7] [1,5] [4,7] [0,5] [3,7] [2,7] [0,3] [0,1] [1,6] [1,2] [0,1] [0,7] [5,7] [2,6] [2,3] [1,3] [1,4] [3,4] [5,7] [1,2] [0,5] [1,2] [2,6] [5,7] [5,7] [1,5]
Token  13: [3,4] [1,2] [0,4] [4,5] [6,7] [4,6] [6,7] [1,3] [5,6] [0,5] [1,3] [2,5] [0,3] [1,7] [1,5] [1,2] [0,7] [0,5] [4,7] [1,2] [1,2] [1,2] [0,5] [0,5] [0,7] [1,2] [0,1] [0,1] [0,3] [1,7] [2,7] [2,7]
Token  14: [4,7] [0,6] [3,4] [5,6] [5,6] [1,7] [0,3] [1,5] [6,7] [0,1] [0,4] [1,2] [3,6] [1,7] [1,7] [2,5] [1,2] [2,3] [0,4] [0,6] [2,5] [1,4] [2,7] [2,7] [0,7] [3,5] [0,4] [5,7] [2,6] [1,3] [3,5] [1,5]
Token  15: [2,3] [2,4] [1,2] [6,7] [0,7] [0,6] [6,7] [1,3] [1,3] [0,4] [3,7] [2,5] [0,4] [1,7] [1,5] [2,7] [0,7] [0,6] [4,7] [2,4] [1,4] [1,5] [0,1] [0,3] [0,2] [1,2] [1,6] [0,5] [1,3] [1,5] [2,7] [2,7]
Token  16: [4,6] [0,4] [1,4] [1,5] [4,7] [1,6] [1,7] [1,3] [0,7] [0,1] [5,7] [0,5] [2,7] [1,2] [0,1] [2,3] [0,7] [0,7] [3,6] [1,4] [1,4] [2,7] [0,6] [0,1] [0,1] [1,2] [0,1] [1,5] [3,5] [1,5] [2,7] [2,7]
Token  17: [0,7] [0,7] [2,3] [0,1] [5,6] [0,7] [1,7] [1,2] [0,7] [0,1] [1,3] [0,2] [3,6] [1,2] [0,7] [2,3] [3,7] [0,6] [6,7] [1,5] [1,3] [5,7] [0,7] [0,7] [0,3] [1,7] [0,1] [4,7] [3,5] [0,1] [5,7] [2,7]
Token  18: [5,6] [0,1] [1,2] [2,5] [6,7] [0,6] [1,3] [2,5] [1,4] [0,1] [3,4] [1,2] [1,6] [1,2] [1,7] [2,4] [5,7] [3,7] [1,7] [1,5] [1,2] [3,5] [2,7] [0,4] [2,3] [1,7] [1,3] [1,7] [3,5] [0,5] [0,5] [2,7]
Token  19: [2,6] [0,5] [0,3] [0,3] [6,7] [1,6] [2,7] [5,6] [4,7] [4,7] [0,2] [2,4] [1,3] [2,4] [4,5] [2,4] [5,6] [3,4] [0,4] [1,3] [2,5] [1,4] [2,4] [6,7] [0,3] [2,6] [3,4] [2,5] [2,5] [0,3] [3,5] [1,5]
Token  20: [2,3] [4,5] [1,3] [1,6] [0,5] [0,1] [1,3] [2,5] [2,6] [0,6] [0,7] [2,3] [0,3] [0,2] [5,6] [1,5] [0,2] [3,6] [5,7] [0,1] [2,7] [1,4] [4,7] [4,7] [0,5] [0,4] [0,7] [4,5] [5,7] [0,2] [3,5] [1,5]
Token  21: [0,5] [5,6] [1,6] [1,7] [2,7] [0,1] [0,3] [0,5] [2,7] [2,6] [0,1] [5,7] [0,3] [0,1] [6,7] [0,5] [5,7] [2,6] [1,4] [2,7] [3,4] [1,7] [0,1] [2,3] [5,6] [5,7] [3,5] [0,2] [3,6] [1,4] [3,5] [1,5]
Token  22: [0,2] [5,7] [0,3] [1,3] [2,7] [0,4] [3,5] [2,6] [1,5] [1,6] [4,7] [1,7] [0,5] [0,3] [5,6] [0,7] [0,1] [2,5] [4,5] [1,2] [0,4] [1,4] [0,5] [2,3] [5,6] [0,7] [1,5] [2,6] [0,4] [1,7] [2,7] [2,7]
Token  23: [1,2] [0,3] [4,6] [0,1] [2,3] [4,7] [1,2] [2,5] [1,6] [4,6] [0,3] [1,4] [4,6] [0,7] [4,7] [0,5] [5,7] [6,7] [0,1] [4,6] [3,4] [1,3] [0,1] [0,3] [5,6] [0,7] [3,5] [0,2] [3,6] [1,7] [3,5] [1,5]
Token  24: [1,2] [0,7] [4,5] [0,1] [1,3] [0,6] [5,7] [2,6] [5,6] [0,6] [1,7] [1,6] [0,1] [1,2] [5,6] [1,7] [0,1] [0,5] [4,7] [0,5] [4,7] [1,4] [0,5] [0,3] [5,6] [2,7] [1,5] [0,2] [0,4] [1,7] [2,7] [0,2]
Token  25: [1,4] [0,7] [2,6] [0,1] [2,6] [5,6] [5,6] [5,6] [0,1] [5,6] [1,2] [1,5] [0,1] [1,3] [3,6] [1,7] [0,4] [0,2] [2,7] [0,5] [2,4] [1,4] [0,4] [0,6] [0,1] [1,4] [1,4] [0,2] [3,7] [1,7] [2,7] [0,6]
Token  26: [1,4] [0,2] [3,6] [0,3] [2,5] [1,6] [2,7] [2,6] [4,5] [4,7] [0,2] [0,6] [0,3] [2,5] [1,4] [2,4] [5,6] [4,7] [5,6] [4,6] [0,5] [2,6] [0,5] [1,2] [0,2] [2,5] [1,7] [1,5] [2,7] [0,2] [1,4] [4,6]
Token  27: [4,6] [0,4] [1,6] [0,5] [3,4] [3,6] [2,7] [4,6] [4,6] [4,7] [0,4] [0,6] [6,7] [5,6] [4,7] [1,4] [0,1] [6,7] [0,2] [1,4] [2,5] [2,4] [0,5] [1,3] [0,5] [2,7] [5,7] [5,6] [1,3] [3,6] [1,4] [3,5]
Token  28: [2,3] [2,4] [1,3] [6,7] [1,4] [4,7] [1,2] [5,7] [0,3] [5,6] [0,3] [5,7] [2,7] [0,1] [6,7] [0,3] [0,1] [3,6] [1,5] [1,6] [0,6] [0,7] [1,4] [1,3] [5,6] [2,7] [1,3] [5,6] [5,7] [2,6] [3,5] [1,5]
Token  29: [3,7] [1,4] [2,5] [6,7] [1,4] [4,5] [2,3] [2,5] [0,6] [5,6] [3,5] [5,7] [2,5] [5,6] [5,6] [1,5] [0,7] [2,5] [3,7] [2,7] [5,6] [2,4] [2,5] [3,5] [5,6] [2,7] [5,7] [5,6] [0,4] [1,7] [5,7] [3,5]
Token  30: [1,4] [3,5] [1,2] [5,7] [6,7] [1,4] [3,5] [3,5] [3,6] [4,5] [0,3] [5,7] [2,4] [1,2] [2,6] [0,1] [0,1] [6,7] [5,7] [1,6] [3,7] [2,6] [3,5] [0,3] [3,6] [2,3] [1,7] [3,6] [4,5] [1,7] [5,7] [1,3]
Token  31: [0,1] [4,5] [2,4] [0,3] [6,7] [0,1] [0,4] [4,6] [2,7] [3,4] [0,6] [2,3] [0,3] [1,2] [2,7] [2,3] [3,7] [3,7] [1,3] [0,1] [2,6] [3,5] [2,7] [0,4] [1,3] [6,7] [2,3] [1,4] [3,5] [0,7] [0,5] [1,5]
Token  32: [1,3] [2,5] [1,6] [1,5] [4,7] [1,4] [2,5] [2,5] [3,4] [0,5] [0,3] [4,5] [4,6] [0,7] [4,7] [0,5] [6,7] [6,7] [0,4] [4,6] [4,5] [1,6] [0,7] [3,7] [5,6] [2,7] [3,5] [2,6] [0,5] [0,1] [5,7] [1,3]
Token  33: [3,6] [3,6] [5,6] [1,7] [3,7] [2,4] [5,6] [2,5] [2,6] [4,7] [0,3] [5,7] [5,7] [2,4] [3,5] [1,7] [0,7] [2,5] [4,7] [2,7] [5,6] [2,4] [4,5] [3,4] [5,6] [2,3] [5,7] [6,7] [0,4] [1,7] [2,7] [1,3]
Token  34: [4,7] [3,7] [2,5] [3,5] [1,7] [1,4] [5,7] [2,6] [4,6] [4,7] [0,1] [4,6] [4,7] [2,7] [2,4] [1,7] [0,1] [0,2] [2,6] [2,3] [2,3] [2,3] [3,5] [1,6] [6,7] [3,4] [1,5] [2,7] [0,4] [0,2] [2,6] [0,4]
Token  35: [0,1] [0,6] [3,6] [2,4] [2,7] [0,4] [0,2] [4,6] [5,6] [0,4] [0,4] [0,3] [6,7] [0,4] [1,4] [5,6] [6,7] [1,5] [1,6] [2,6] [2,4] [4,6] [1,5] [2,3] [0,6] [3,4] [3,7] [6,7] [4,5] [3,4] [3,4] [2,6]
Token  36: [4,5] [0,1] [5,6] [4,6] [5,6] [1,4] [5,7] [0,6] [2,5] [4,6] [0,4] [1,4] [6,7] [2,4] [2,4] [5,6] [2,5] [4,5] [3,6] [5,7] [3,4] [1,5] [0,5] [2,3] [4,6] [3,6] [3,7] [4,6] [1,2] [4,5] [0,4] [3,6]
Token  37: [5,6] [3,7] [2,5] [2,4] [5,6] [5,6] [0,6] [0,2] [4,6] [0,6] [0,4] [1,4] [3,6] [2,3] [4,7] [0,3] [2,3] [2,5] [0,2] [4,5] [3,5] [0,5] [0,5] [3,4] [0,1] [3,6] [3,7] [0,6] [1,2] [3,6] [0,1] [1,5]
Token  38: [2,7] [1,2] [5,7] [0,1] [5,7] [0,4] [2,7] [4,6] [2,4] [0,4] [2,6] [2,7] [4,6] [2,3] [1,4] [3,4] [2,6] [2,5] [6,7] [0,7] [2,4] [6,7] [5,7] [1,2] [1,6] [0,5] [0,4] [2,5] [0,7] [2,3] [1,2] [0,4]
Token  39: [1,7] [1,4] [5,6] [0,5] [1,4] [3,7] [3,7] [1,6] [0,3] [0,3] [4,5] [0,6] [2,6] [0,5] [2,4] [2,6] [2,6] [1,5] [3,6] [0,5] [1,6] [1,6] [0,5] [3,4] [5,6] [3,7] [0,5] [4,6] [1,2] [0,4] [0,1] [2,6]
Token  40: [1,4] [6,7] [0,6] [0,6] [3,4] [6,7] [3,7] [1,4] [3,4] [0,6] [3,4] [1,7] [6,7] [0,6] [4,7] [0,4] [0,3] [6,7] [0,2] [0,4] [1,5] [1,3] [0,5] [0,3] [2,6] [5,6] [2,3] [5,6] [1,3] [6,7] [1,3] [1,5]
Token  41: [2,3] [1,2] [1,4] [0,5] [0,4] [0,1] [2,6] [2,3] [3,4] [0,1] [1,3] [5,7] [4,7] [1,6] [3,4] [4,7] [1,6] [0,2] [2,4] [0,3] [1,7] [2,6] [0,2] [1,2] [3,6] [3,4] [0,1] [1,2] [0,4] [0,2] [2,6] [0,4]
Token  42: [2,5] [0,4] [2,4] [4,6] [3,7] [1,4] [2,3] [1,3] [0,3] [0,1] [3,4] [0,1] [6,7] [0,6] [1,5] [5,6] [6,7] [1,5] [1,3] [4,6] [1,5] [1,6] [1,5] [2,3] [1,5] [3,4] [1,3] [4,6] [2,6] [1,4] [0,1] [3,6]
Token  43: [5,7] [2,5] [1,5] [0,5] [1,4] [6,7] [2,6] [2,3] [0,3] [0,6] [1,3] [5,7] [4,7] [2,7] [2,3] [4,7] [2,6] [0,2] [2,6] [0,5] [3,7] [0,6] [0,5] [1,2] [4,6] [0,4] [1,2] [1,2] [0,7] [0,2] [2,6] [0,4]
Token  44: [1,7] [1,6] [3,7] [3,4] [2,7] [0,4] [0,2] [1,2] [0,3] [0,3] [4,7] [1,4] [6,7] [0,4] [1,4] [0,5] [6,7] [1,5] [3,6] [5,6] [0,4] [1,6] [1,5] [2,3] [0,5] [3,5] [0,3] [6,7] [1,5] [3,4] [3,4] [3,6]
Token  45: [5,7] [4,5] [1,5] [1,6] [0,1] [1,4] [5,7] [0,2] [3,4] [5,7] [3,5] [5,7] [4,7] [2,7] [3,4] [3,4] [0,1] [0,2] [2,7] [2,5] [2,3] [6,7] [4,5] [1,3] [5,6] [3,6] [1,7] [0,4] [4,5] [1,2] [2,6] [0,4]
Token  46: [1,7] [1,7] [5,7] [5,6] [2,7] [4,7] [5,7] [1,2] [2,3] [0,3] [4,7] [1,7] [2,6] [0,4] [1,5] [1,6] [4,5] [1,3] [1,3] [0,4] [5,6] [1,6] [0,1] [3,4] [1,5] [3,6] [3,7] [0,4] [1,2] [4,5] [0,3] [3,6]
Token  47: [5,7] [3,7] [0,1] [1,6] [3,4] [6,7] [0,2] [1,2] [2,3] [0,4] [1,3] [1,2] [6,7] [1,6] [4,7] [3,4] [0,3] [6,7] [0,2] [0,4] [3,5] [1,3] [0,1] [3,4] [4,5] [3,6] [3,7] [0,6] [1,2] [1,6] [1,3] [1,5]
Token  48: [2,3] [1,4] [1,4] [1,6] [2,4] [6,7] [0,2] [2,3] [2,3] [0,4] [2,3] [2,7] [4,7] [1,6] [4,6] [0,7] [0,1] [5,6] [1,7] [0,1] [1,6] [0,7] [1,2] [4,7] [2,7] [0,2] [0,3] [4,7] [0,5] [2,7] [3,5] [1,5]
Token  49: [3,6] [1,4] [1,4] [1,4] [0,6] [0,6] [0,2] [1,3] [2,3] [0,4] [2,3] [2,3] [6,7] [1,6] [5,6] [1,7] [0,4] [5,6] [0,2] [1,5] [1,5] [1,6] [0,1] [0,4] [1,5] [3,6] [3,6] [6,7] [0,2] [6,7] [1,3] [3,5]
Token  50: [2,4] [5,7] [1,4] [1,7] [2,4] [2,7] [3,6] [1,2] [0,4] [4,6] [1,3] [5,7] [4,6] [2,6] [3,5] [4,7] [0,4] [0,5] [1,3] [2,3] [1,3] [1,4] [2,6] [1,3] [5,6] [0,6] [1,3] [4,5] [2,7] [1,7] [2,3] [3,5]
Token  51: [1,7] [1,2] [1,5] [0,6] [0,4] [1,7] [2,5] [2,3] [3,4] [0,4] [1,3] [3,5] [4,7] [2,7] [0,3] [0,7] [0,2] [0,2] [1,2] [2,3] [3,7] [4,6] [2,6] [1,7] [4,5] [3,6] [1,3] [1,2] [0,4] [2,6] [4,6] [0,4]
Token  52: [0,7] [5,6] [0,7] [3,5] [5,6] [1,3] [5,6] [2,6] [0,5] [4,6] [0,5] [3,4] [6,7] [2,4] [0,4] [0,5] [5,6] [4,5] [0,3] [5,7] [4,6] [2,5] [2,6] [4,6] [1,4] [1,3] [3,7] [6,7] [1,3] [4,5] [0,4] [2,7]
Token  53: [3,5] [0,5] [2,6] [0,3] [6,7] [1,5] [2,7] [0,6] [2,4] [4,6] [0,3] [1,4] [3,6] [2,3] [4,7] [0,3] [1,3] [2,5] [0,2] [1,4] [1,5] [0,5] [0,5] [4,7] [0,1] [1,6] [3,5] [0,6] [1,2] [3,6] [0,1] [3,5]
Token  54: [2,7] [1,2] [5,7] [0,1] [5,7] [0,4] [2,7] [2,6] [2,4] [0,4] [2,5] [2,7] [4,6] [2,5] [1,4] [0,4] [2,4] [2,5] [6,7] [0,7] [2,4] [6,7] [5,7] [1,2] [1,6] [0,4] [2,4] [1,2] [0,7] [1,2] [1,2] [0,6]
Token  55: [0,1] [1,2] [2,6] [5,6] [2,5] [0,7] [2,7] [0,6] [0,3] [3,5] [2,5] [2,7] [2,6] [1,5] [4,6] [6,7] [2,4] [3,4] [4,6] [0,7] [2,4] [2,6] [5,7] [2,5] [1,5] [0,2] [1,4] [2,6] [5,7] [2,3] [1,2] [4,6]
Token  56: [3,4] [1,4] [5,6] [0,5] [0,1] [3,7] [0,7] [1,6] [0,3] [0,3] [4,5] [0,6] [2,6] [0,5] [3,5] [2,6] [2,6] [1,5] [3,6] [0,5] [5,6] [1,6] [0,5] [3,4] [1,5] [3,4] [0,7] [4,6] [0,2] [4,5] [0,6] [2,7]
Token  57: [1,4] [3,6] [5,6] [0,5] [3,6] [5,7] [0,7] [1,6] [3,6] [0,5] [3,4] [1,2] [4,6] [1,6] [5,7] [0,3] [3,4] [5,6] [0,2] [4,6] [1,5] [0,1] [0,5] [0,4] [1,2] [1,4] [2,3] [0,6] [0,2] [0,6] [0,1] [1,5]
Token  58: [2,7] [1,2] [1,5] [3,5] [0,4] [0,1] [2,6] [2,3] [3,4] [0,5] [1,3] [2,5] [4,5] [2,7] [3,4] [4,7] [1,2] [0,2] [2,4] [0,3] [1,7] [4,6] [0,2] [0,1] [3,6] [4,6] [1,3] [2,6] [0,4] [1,6] [2,6] [0,4]
Token  59: [2,4] [4,7] [1,3] [2,3] [6,7] [0,1] [1,4] [4,5] [2,7] [3,4] [0,6] [0,3] [4,5] [0,2] [0,2] [3,5] [3,5] [6,7] [4,6] [0,6] [2,6] [3,7] [5,7] [3,5] [2,6] [2,6] [0,3] [1,7] [3,5] [0,1] [5,7] [1,5]
Token  60: [0,6] [1,6] [1,5] [1,2] [5,6] [0,6] [2,3] [0,1] [0,3] [0,5] [3,4] [0,2] [4,6] [5,6] [5,7] [0,4] [3,4] [5,6] [0,2] [4,6] [1,5] [0,1] [0,5] [0,7] [1,2] [1,6] [2,3] [6,7] [0,2] [1,6] [0,1] [1,5]
Token  61: [2,4] [4,5] [1,2] [0,4] [0,7] [5,7] [3,7] [2,7] [3,4] [4,5] [1,3] [2,5] [0,4] [1,7] [3,4] [4,7] [1,2] [0,2] [2,4] [0,3] [1,7] [3,6] [0,6] [0,6] [3,5] [0,4] [1,2] [0,2] [0,4] [1,2] [2,6] [0,4]
Token  62: [0,1] [0,6] [0,6] [3,5] [1,5] [0,3] [5,6] [1,2] [0,5] [0,5] [0,2] [0,4] [3,6] [4,7] [0,4] [0,5] [2,5] [2,4] [1,5] [3,7] [3,4] [1,6] [0,6] [3,5] [5,6] [4,7] [2,5] [0,2] [2,3] [4,5] [4,6] [2,7]
Token  63: [2,5] [5,7] [2,4] [1,5] [4,5] [0,4] [3,6] [1,5] [2,7] [0,2] [1,3] [1,2] [0,2] [0,1] [5,6] [5,7] [1,2] [5,6] [5,7] [0,6] [1,3] [1,3] [1,4] [3,4] [0,5] [4,7] [3,5] [2,3] [2,7] [2,5] [2,6] [1,2]
Token  64: [0,1] [2,6] [4,6] [0,1] [0,2] [1,7] [0,3] [1,5] [2,7] [0,2] [4,5] [0,2] [3,6] [0,1] [6,7] [0,5] [2,6] [3,6] [2,5] [1,6] [1,5] [2,6] [1,2] [2,7] [3,6] [3,5] [4,7] [0,1] [3,6] [1,3] [3,5] [1,5]
Token  65: [2,5] [4,6] [4,6] [1,4] [2,5] [2,3] [0,3] [1,5] [2,7] [2,6] [1,4] [2,5] [0,1] [1,2] [3,4] [0,7] [0,1] [0,5] [2,4] [0,3] [2,7] [3,6] [3,4] [4,6] [2,5] [1,4] [1,6] [0,2] [0,4] [1,2] [2,6] [0,4]
Token  66: [0,4] [0,2] [0,6] [0,3] [0,5] [1,3] [6,7] [1,2] [3,5] [0,5] [0,1] [2,4] [0,3] [2,7] [0,3] [0,7] [2,5] [0,2] [2,5] [0,2] [2,4] [3,6] [0,7] [1,6] [3,5] [1,4] [1,4] [0,7] [3,7] [2,5] [4,6] [4,6]
Token  67: [3,5] [0,5] [2,3] [3,6] [1,3] [3,7] [0,5] [3,6] [3,5] [0,3] [0,4] [4,7] [3,7] [4,7] [5,6] [5,6] [2,5] [4,5] [1,6] [0,7] [2,4] [1,2] [0,7] [5,7] [1,7] [0,3] [4,7] [4,6] [3,7] [4,5] [0,1] [3,6]
Token  68: [5,6] [0,7] [2,5] [0,2] [3,6] [5,6] [0,6] [0,1] [3,6] [0,5] [2,4] [0,1] [1,6] [1,3] [5,7] [0,3] [2,3] [0,5] [0,2] [0,4] [1,5] [0,1] [0,4] [0,4] [1,2] [1,6] [3,7] [5,6] [1,2] [3,6] [0,1] [3,5]
Token  69: [2,6] [1,2] [2,6] [0,7] [3,6] [1,4] [2,6] [2,3] [3,6] [0,1] [1,2] [1,2] [0,1] [3,6] [5,6] [6,7] [4,6] [5,6] [0,3] [4,5] [1,5] [0,1] [0,1] [0,3] [1,2] [2,6] [2,3] [4,5] [2,3] [1,7] [0,1] [3,5]
Token  70: [2,7] [2,4] [1,5] [0,1] [0,4] [4,5] [2,6] [2,3] [3,6] [0,7] [1,2] [2,5] [0,4] [2,7] [1,3] [2,7] [2,6] [0,2] [6,7] [0,3] [2,7] [3,6] [4,7] [1,5] [1,6] [0,4] [4,6] [2,5] [0,7] [1,2] [2,4] [0,4]
Token  71: [2,5] [0,6] [5,6] [0,4] [4,7] [0,4] [2,6] [1,3] [2,6] [0,3] [2,4] [0,1] [1,6] [0,6] [1,2] [5,6] [6,7] [1,5] [3,6] [0,4] [5,7] [1,6] [1,5] [2,7] [0,7] [3,4] [0,3] [3,4] [1,4] [4,5] [0,4] [2,7]
Token  72: [0,7] [2,3] [5,7] [1,6] [0,3] [6,7] [2,7] [1,3] [4,6] [0,5] [1,3] [0,1] [4,6] [1,6] [1,7] [0,3] [1,3] [5,6] [0,2] [1,4] [1,5] [0,1] [0,4] [0,4] [0,2] [3,6] [0,3] [0,6] [1,2] [6,7] [0,1] [3,5]
Token  73: [2,7] [1,2] [1,5] [0,5] [0,4] [0,6] [2,5] [2,3] [3,4] [0,1] [1,3] [2,5] [0,4] [2,7] [1,3] [2,7] [2,6] [0,2] [6,7] [0,3] [1,7] [2,6] [4,7] [1,2] [1,6] [0,3] [4,6] [2,5] [5,7] [2,6] [2,4] [0,6]
Token  74: [0,1] [0,2] [6,7] [3,5] [2,5] [0,6] [2,6] [2,6] [5,6] [0,7] [2,4] [0,6] [1,6] [5,7] [4,7] [2,7] [5,7] [1,4] [5,6] [0,6] [0,4] [1,6] [0,7] [1,5] [1,2] [0,3] [2,7] [2,5] [2,7] [0,2] [1,4] [4,6]
Token  75: [4,6] [1,4] [2,6] [0,6] [1,4] [3,7] [0,7] [1,6] [0,3] [0,3] [2,5] [0,6] [2,4] [5,7] [3,4] [2,7] [2,7] [0,1] [2,4] [0,5] [5,6] [2,6] [0,6] [3,7] [3,5] [3,4] [1,7] [0,3] [0,4] [0,2] [4,6] [0,4]
Token  76: [4,7] [4,5] [0,6] [4,7] [2,7] [0,1] [0,5] [1,2] [0,6] [0,3] [4,7] [0,1] [1,2] [4,7] [1,5] [0,6] [5,7] [1,5] [3,6] [0,4] [5,6] [1,5] [0,4] [4,7] [0,1] [1,3] [0,7] [4,6] [1,6] [4,5] [1,3] [3,6]
Token  77: [5,7] [3,7] [2,5] [1,6] [3,6] [5,6] [0,6] [1,5] [3,6] [0,3] [2,3] [0,1] [4,6] [1,6] [1,7] [0,3] [3,5] [0,5] [0,2] [4,6] [1,5] [0,5] [0,4] [4,7] [1,2] [1,3] [3,5] [0,6] [1,2] [3,6] [0,1] [1,5]
Token  78: [2,7] [1,2] [0,5] [1,3] [1,2] [1,4] [5,7] [4,6] [0,4] [4,7] [3,7] [0,2] [4,6] [2,6] [3,4] [4,7] [0,2] [0,5] [6,7] [0,2] [1,7] [0,5] [0,4] [3,6] [6,7] [4,6] [1,3] [0,2] [4,6] [1,6] [2,6] [0,4]
Token  79: [1,4] [4,7] [1,3] [0,3] [4,7] [0,1] [5,6] [2,5] [2,3] [0,6] [0,2] [1,4] [4,6] [0,2] [5,7] [0,5] [5,6] [6,7] [1,7] [3,7] [3,4] [1,3] [0,6] [3,5] [5,6] [4,7] [1,5] [0,2] [2,6] [1,4] [5,7] [1,5]
Token  80: [0,6] [3,6] [0,1] [1,2] [5,6] [0,6] [2,7] [0,7] [0,6] [0,7] [2,3] [0,2] [4,6] [1,6] [5,7] [0,3] [0,3] [4,5] [0,2] [4,6] [1,5] [0,5] [4,5] [4,7] [1,2] [6,7] [3,5] [6,7] [2,6] [3,6] [1,3] [1,5]
Token  81: [2,4] [1,4] [2,4] [4,6] [2,7] [0,1] [0,6] [1,4] [0,6] [4,7] [2,3] [2,5] [2,4] [1,6] [3,6] [1,7] [1,7] [3,6] [1,3] [2,6] [3,7] [1,5] [0,2] [2,3] [0,1] [3,7] [0,5] [4,6] [0,6] [1,7] [3,5] [3,5]
Token  82: [1,4] [2,4] [2,7] [2,4] [4,7] [2,7] [0,6] [1,4] [0,6] [4,7] [1,2] [5,7] [2,4] [5,7] [0,3] [0,7] [1,2] [0,2] [2,4] [2,3] [3,7] [2,6] [0,6] [3,6] [0,2] [1,4] [1,6] [0,7] [0,4] [1,6] [2,6] [0,4]
Token  83: [0,7] [0,6] [0,7] [3,5] [1,5] [2,3] [5,6] [1,6] [0,5] [4,5] [0,5] [4,7] [3,7] [2,4] [0,4] [0,5] [5,6] [4,5] [0,1] [5,7] [4,6] [2,5] [6,7] [3,4] [1,4] [0,1] [3,7] [6,7] [1,3] [4,5] [0,4] [2,7]
Token  84: [3,5] [0,3] [2,7] [2,3] [6,7] [3,5] [2,6] [0,6] [0,4] [4,6] [0,6] [1,4] [3,6] [2,3] [4,7] [0,3] [2,3] [2,5] [0,2] [1,4] [1,5] [0,5] [0,5] [4,7] [1,2] [1,6] [3,5] [5,6] [1,2] [3,6] [0,1] [1,5]
Token  85: [2,7] [1,2] [5,7] [0,1] [5,7] [0,4] [2,7] [2,6] [2,4] [0,4] [2,6] [2,7] [4,6] [2,5] [1,4] [0,4] [2,6] [2,4] [6,7] [0,7] [2,4] [6,7] [5,7] [2,5] [1,6] [0,5] [0,4] [2,5] [2,7] [2,3] [1,2] [0,6]
Token  86: [0,1] [1,2] [5,7] [0,4] [2,5] [0,2] [1,2] [0,2] [1,3] [1,5] [2,5] [6,7] [1,6] [3,5] [4,5] [5,6] [4,6] [4,7] [6,7] [0,3] [2,4] [2,6] [5,7] [1,2] [1,7] [0,3] [0,4] [2,5] [6,7] [2,3] [1,2] [4,6]
Token  87: [5,6] [1,4] [2,6] [0,5] [4,6] [0,6] [2,3] [0,7] [1,3] [3,4] [3,5] [5,6] [2,4] [0,5] [3,6] [2,6] [2,6] [1,7] [0,3] [4,5] [1,4] [1,5] [0,1] [4,7] [1,3] [1,7] [0,7] [4,5] [0,2] [4,7] [0,1] [3,6]
Token  88: [1,4] [5,7] [1,4] [0,7] [4,6] [3,7] [2,3] [0,7] [3,6] [4,7] [3,5] [5,6] [2,4] [6,7] [3,4] [4,7] [1,2] [0,1] [2,7] [3,5] [1,7] [2,6] [4,6] [1,6] [3,5] [1,4] [1,4] [0,6] [0,4] [0,2] [2,6] [0,4]
Token  89: [1,4] [3,7] [3,7] [0,5] [2,7] [0,4] [0,1] [0,1] [3,6] [0,3] [4,5] [0,1] [1,2] [0,4] [1,5] [0,6] [4,6] [1,5] [3,6] [0,4] [1,5] [1,5] [5,7] [0,4] [1,7] [0,3] [0,4] [4,6] [2,7] [4,5] [0,1] [6,7]
Token  90: [5,7] [3,7] [1,5] [1,2] [3,6] [0,6] [0,2] [1,2] [3,6] [0,7] [1,3] [1,2] [4,6] [0,6] [5,7] [0,3] [3,4] [5,6] [0,2] [0,4] [1,5] [0,1] [0,4] [0,4] [1,2] [3,6] [2,3] [4,6] [1,2] [3,6] [0,1] [3,5]
Token  91: [2,6] [1,3] [0,2] [2,7] [3,4] [1,3] [2,6] [1,3] [3,6] [0,7] [1,2] [1,2] [0,1] [1,6] [5,6] [6,7] [4,6] [5,6] [0,3] [1,4] [1,5] [0,1] [0,1] [0,4] [1,2] [2,6] [2,3] [4,5] [2,7] [1,7] [0,1] [3,5]
Token  92: [2,7] [2,4] [1,5] [0,1] [0,4] [4,5] [2,6] [2,3] [3,6] [0,7] [1,3] [2,5] [0,4] [2,7] [0,3] [4,7] [2,6] [0,2] [2,7] [2,3] [6,7] [0,6] [0,6] [1,7] [3,5] [4,7] [1,7] [0,2] [0,4] [0,2] [4,6] [0,4]
Token  93: [2,5] [0,6] [5,7] [3,4] [4,7] [0,4] [2,6] [1,3] [2,6] [0,3] [2,4] [0,1] [1,7] [0,6] [1,5] [5,6] [4,6] [1,5] [1,6] [0,4] [5,7] [1,6] [1,5] [2,7] [0,7] [3,4] [0,3] [3,4] [1,4] [4,5] [0,4] [2,7]
Token  94: [0,7] [2,3] [5,7] [1,6] [3,4] [6,7] [5,7] [3,5] [3,4] [5,7] [0,3] [4,5] [4,6] [0,2] [4,7] [0,5] [3,7] [5,6] [0,2] [4,6] [1,5] [0,1] [0,5] [0,4] [0,2] [3,6] [2,3] [0,6] [1,2] [6,7] [0,1] [3,5]
Token  95: [2,7] [1,2] [1,5] [0,5] [0,4] [0,6] [2,5] [2,3] [3,4] [0,1] [1,3] [2,5] [0,4] [2,7] [0,3] [4,7] [2,7] [0,2] [2,4] [2,3] [1,7] [2,6] [3,6] [1,6] [3,5] [3,4] [1,6] [0,2] [0,4] [0,2] [2,6] [0,4]
Token  96: [0,1] [0,6] [0,7] [3,5] [1,5] [2,3] [5,6] [1,6] [0,3] [3,5] [0,5] [0,4] [3,6] [4,7] [0,3] [0,5] [2,5] [2,6] [2,5] [0,3] [2,4] [2,6] [0,7] [5,6] [1,5] [0,1] [2,4] [2,7] [3,7] [2,5] [4,6] [4,6]
Token  97: [3,5] [0,1] [6,7] [5,6] [0,1] [5,6] [3,5] [1,4] [2,5] [1,7] [0,5] [1,7] [2,6] [3,4] [4,5] [5,6] [5,7] [4,7] [1,5] [4,6] [4,6] [4,6] [1,2] [3,5] [1,4] [0,3] [6,7] [1,4] [0,4] [5,7] [0,6] [0,4]
Token  98: [2,7] [1,2] [5,7] [4,6] [3,7] [0,6] [3,6] [1,4] [3,5] [6,7] [4,5] [1,7] [2,6] [0,4] [5,6] [5,6] [4,5] [4,7] [1,5] [0,4] [4,6] [2,6] [4,7] [2,7] [1,4] [0,5] [0,4] [2,6] [0,7] [4,5] [1,4] [4,6]
Token  99: [2,7] [1,3] [2,6] [0,4] [0,1] [3,5] [1,6] [6,7] [1,3] [2,3] [3,5] [5,6] [2,7] [0,5] [2,3] [2,6] [2,6] [0,7] [3,4] [0,5] [1,5] [0,1] [0,7] [5,7] [3,5] [2,4] [1,7] [4,6] [4,5] [0,4] [0,6] [4,6]
Token 100: [0,4] [6,7] [0,1] [0,2] [2,5] [3,5] [2,4] [6,7] [3,6] [0,3] [1,5] [0,4] [4,6] [2,5] [3,5] [2,4] [2,6] [0,1] [2,4] [0,5] [1,5] [1,6] [6,7] [1,6] [3,5] [2,4] [1,5] [0,4] [4,5] [0,2] [2,6] [0,4]
Token 101: [1,4] [1,2] [2,7] [0,3] [2,7] [0,4] [1,3] [1,7] [3,6] [2,3] [4,7] [1,4] [2,6] [0,4] [1,2] [2,6] [4,6] [1,3] [1,6] [0,6] [0,7] [1,6] [1,7] [2,4] [0,7] [0,2] [0,4] [4,5] [1,5] [3,4] [1,3] [3,6]
Token 102: [5,7] [3,7] [1,7] [1,6] [0,3] [0,6] [2,7] [1,7] [3,6] [1,3] [3,4] [0,1] [4,6] [1,6] [2,7] [0,4] [0,3] [3,6] [0,2] [0,6] [0,1] [1,3] [0,1] [4,7] [2,3] [0,3] [0,3] [0,5] [1,5] [6,7] [1,3] [1,3]
Token 103: [3,7] [1,3] [0,4] [2,7] [0,4] [0,7] [6,7] [1,7] [3,6] [1,7] [3,6] [1,7] [2,6] [6,7] [6,7] [5,6] [4,6] [1,6] [0,2] [5,6] [1,5] [0,1] [0,1] [0,4] [0,3] [2,6] [3,4] [3,5] [1,2] [6,7] [1,3] [1,5]
Token 104: [2,7] [3,5] [1,5] [1,4] [0,4] [0,7] [6,7] [0,7] [3,4] [1,3] [1,3] [5,7] [4,7] [2,7] [0,3] [0,4] [1,2] [0,7] [1,2] [2,5] [1,7] [0,6] [3,6] [1,6] [3,5] [4,6] [1,6] [0,1] [0,4] [0,2] [2,6] [0,4]
Token 105: [0,1] [3,6] [4,7] [3,4] [1,6] [3,7] [1,6] [2,6] [3,5] [3,5] [0,5] [0,7] [2,6] [1,2] [5,6] [5,6] [4,5] [2,4] [0,5] [0,3] [4,6] [6,7] [4,7] [2,5] [1,7] [0,5] [0,4] [2,6] [0,7] [3,5] [1,7] [4,6]
Token 106: [3,7] [1,4] [2,6] [5,6] [6,7] [1,6] [1,4] [0,6] [3,6] [2,3] [4,5] [0,6] [2,7] [0,5] [2,6] [2,6] [2,4] [1,7] [3,6] [4,7] [2,4] [1,5] [1,2] [0,7] [0,7] [2,3] [0,7] [4,6] [1,4] [4,5] [0,4] [2,6]
Token 107: [0,4] [5,7] [1,5] [2,3] [2,5] [3,4] [2,4] [0,4] [3,6] [0,3] [4,5] [0,4] [1,6] [2,5] [1,5] [2,6] [4,6] [2,4] [6,7] [0,3] [4,7] [6,7] [4,7] [1,2] [1,7] [0,5] [0,4] [2,4] [0,7] [2,3] [1,2] [4,6]
Token 108: [0,4] [1,4] [4,6] [0,5] [0,4] [2,4] [5,6] [0,2] [0,3] [3,5] [3,5] [5,6] [2,7] [0,5] [2,3] [2,6] [4,6] [1,3] [1,3] [0,5] [5,6] [0,1] [0,6] [3,4] [0,5] [3,4] [0,3] [4,6] [4,5] [0,4] [0,6] [4,6]
Token 109: [0,1] [3,6] [0,1] [1,5] [3,4] [6,7] [0,2] [0,1] [3,4] [0,1] [3,4] [0,1] [4,6] [0,6] [2,7] [0,6] [0,4] [3,6] [0,2] [0,6] [1,6] [1,3] [0,1] [0,4] [2,7] [3,6] [2,3] [4,5] [1,2] [6,7] [0,1] [1,3]
Token 110: [3,7] [1,3] [0,4] [2,7] [3,4] [0,7] [6,7] [1,7] [3,6] [1,7] [3,6] [1,7] [1,6] [0,6] [6,7] [5,6] [4,6] [5,6] [0,2] [4,5] [1,5] [0,1] [0,1] [0,4] [1,7] [2,6] [3,4] [4,5] [0,2] [6,7] [0,1] [1,3]
Token 111: [2,3] [3,5] [1,5] [0,1] [0,6] [1,6] [0,2] [1,2] [3,4] [0,1] [1,3] [4,5] [0,4] [2,7] [0,3] [4,7] [1,6] [0,1] [1,2] [2,5] [1,7] [0,3] [3,6] [1,6] [5,6] [4,6] [1,6] [0,1] [0,4] [1,2] [2,6] [0,4]
Token 112: [0,7] [6,7] [0,7] [3,5] [1,5] [2,3] [5,6] [1,6] [0,3] [4,5] [0,5] [3,4] [3,7] [2,4] [0,4] [0,2] [5,6] [2,4] [0,1] [5,7] [4,6] [1,5] [6,7] [4,7] [1,4] [1,2] [3,7] [6,7] [3,7] [4,5] [0,4] [2,7]
Token 113: [3,5] [0,3] [2,7] [2,3] [1,7] [3,5] [2,6] [0,6] [0,4] [4,6] [0,6] [1,4] [3,6] [2,3] [4,7] [0,3] [2,3] [2,5] [0,2] [1,4] [1,5] [0,5] [0,4] [4,7] [1,2] [1,6] [3,5] [5,6] [1,2] [3,6] [0,1] [3,5]
Token 114: [2,3] [1,2] [5,7] [0,1] [5,7] [0,4] [2,7] [2,6] [2,4] [0,4] [2,6] [2,7] [4,6] [2,5] [1,4] [0,4] [2,6] [2,4] [6,7] [0,7] [2,4] [3,7] [2,7] [2,5] [0,1] [0,5] [0,4] [2,5] [2,7] [1,3] [2,4] [0,6]
Token 115: [0,1] [1,2] [5,7] [0,4] [2,5] [0,2] [1,4] [0,2] [1,3] [5,6] [2,5] [4,6] [2,6] [3,5] [4,5] [5,6] [4,6] [4,7] [6,7] [0,3] [4,6] [1,6] [5,7] [1,2] [1,7] [0,3] [0,4] [2,5] [0,7] [2,3] [1,4] [4,6]
Token 116: [5,6] [1,2] [3,6] [0,5] [1,3] [0,2] [1,6] [0,2] [3,5] [1,6] [2,4] [5,7] [2,6] [2,5] [5,6] [5,6] [4,5] [4,7] [5,6] [0,3] [4,6] [2,6] [4,7] [2,5] [1,2] [0,1] [0,4] [2,6] [0,7] [2,3] [1,7] [4,6]
Token 117: [4,6] [1,3] [5,6] [0,5] [0,7] [5,7] [0,1] [3,7] [1,6] [2,3] [2,5] [6,7] [0,2] [0,5] [3,6] [2,6] [2,6] [1,6] [3,4] [1,5] [0,5] [0,1] [1,7] [2,7] [1,3] [1,2] [0,7] [3,4] [4,5] [4,5] [0,6] [3,6]
Token 118: [1,4] [6,7] [2,4] [0,7] [1,4] [3,7] [0,7] [1,6] [3,6] [0,3] [3,5] [5,6] [2,4] [5,7] [0,3] [2,4] [1,2] [0,1] [4,7] [0,3] [1,6] [4,7] [2,6] [3,5] [3,5] [4,6] [0,1] [0,6] [4,5] [0,6] [2,6] [0,4]
Token 119: [1,7] [3,7] [6,7] [0,5] [2,7] [0,4] [1,5] [1,7] [3,6] [2,3] [4,7] [0,1] [1,2] [0,4] [1,5] [2,6] [4,6] [1,5] [1,6] [0,4] [5,6] [1,6] [1,5] [0,7] [1,7] [3,4] [0,7] [4,6] [1,4] [4,5] [0,6] [6,7]
Token 120: [0,7] [3,7] [2,4] [2,6] [1,3] [0,7] [2,4] [1,4] [3,6] [0,1] [2,3] [1,7] [1,6] [3,6] [6,7] [4,6] [4,6] [5,6] [0,2] [4,5] [1,5] [1,3] [0,1] [0,4] [1,2] [2,6] [2,3] [4,5] [1,2] [6,7] [0,1] [1,3]
Token 121: [2,6] [2,5] [1,5] [0,1] [0,4] [4,5] [2,6] [2,3] [3,6] [0,1] [1,3] [2,5] [0,4] [2,7] [0,3] [4,7] [2,6] [0,7] [2,7] [0,2] [2,7] [3,4] [0,6] [1,6] [0,5] [2,4] [1,6] [0,2] [0,4] [0,1] [2,6] [0,4]
Token 122: [2,5] [0,3] [4,5] [4,5] [4,7] [0,4] [2,6] [1,2] [3,6] [0,3] [4,7] [0,1] [1,4] [0,4] [1,5] [5,6] [4,6] [1,5] [1,6] [0,4] [5,7] [1,6] [1,5] [2,7] [0,7] [3,4] [0,3] [3,4] [1,4] [4,5] [0,3] [2,7]
Token 123: [0,7] [3,6] [5,7] [1,6] [3,4] [6,7] [0,7] [1,3] [3,4] [0,5] [1,3] [0,2] [4,6] [2,6] [5,7] [0,3] [3,6] [5,6] [0,2] [4,6] [1,5] [0,1] [0,4] [0,4] [0,2] [3,6] [0,3] [0,6] [1,2] [6,7] [0,1] [1,5]
Token 124: [2,7] [1,2] [1,5] [0,5] [0,4] [0,6] [2,6] [2,3] [3,4] [0,7] [1,3] [2,5] [0,4] [2,7] [0,3] [2,7] [2,6] [0,2] [2,6] [2,5] [1,7] [3,6] [3,6] [1,6] [3,5] [4,7] [1,6] [0,2] [0,4] [0,2] [2,6] [0,4]
Token 125: [1,7] [0,1] [3,4] [2,4] [2,7] [1,5] [0,2] [1,7] [1,6] [2,3] [4,5] [1,7] [0,2] [0,7] [1,6] [2,5] [2,6] [1,5] [1,6] [5,6] [5,6] [4,6] [1,2] [1,7] [1,3] [2,5] [0,3] [0,4] [4,5] [3,4] [6,7] [2,6]
Token 126: [5,7] [3,4] [2,4] [2,6] [1,3] [1,7] [2,4] [0,7] [1,4] [1,3] [2,3] [3,7] [1,6] [3,6] [6,7] [2,5] [4,6] [1,6] [2,7] [5,6] [5,7] [1,4] [1,2] [1,5] [1,5] [2,6] [2,7] [3,5] [1,4] [6,7] [1,3] [1,3]
Token 127: [2,6] [2,4] [4,5] [1,7] [0,3] [5,7] [2,4] [6,7] [1,6] [2,3] [2,5] [4,7] [0,2] [4,7] [0,3] [0,7] [2,6] [0,1] [2,6] [2,5] [4,7] [4,6] [0,6] [1,3] [3,5] [4,6] [1,6] [0,2] [0,4] [2,6] [2,6] [0,4]
