MODEL: mixtral_8x7b
TOKEN_COUNT: 128
ACTIVE_EXPERTS: 2
================================================================================
PROMPT TEXT:
Senjō no Valkyria 3 : <unk> Chronicles ( Japanese : 戦場のヴァルキュリア3 , lit . Valkyria of the Battlefield 3 ) , commonly referred to as Valkyria Chronicles III outside Japan , is a tactical role @-@ playing video game developed by Sega and Media.Vision for the PlayStation Portable . Released in January 2011 in Japan , it is the third game in the Valkyria series . Employing the same fusion of tactical and real @-@ time gameplay as its predecessors , the story runs parallel to the first game and follows the " Nameless " , a penal military unit serving the nation of Gallia during the Second Europan War who perform secret black operations and are pitted against the Imperial unit " <unk> Raven " .
================================================================================
GENERATED TEXT:


The game was released in Japan on January 27 , 2011 , and was released in North America on January 17 , 2012 . The game was released in Europe on January 27 , 2012 .

## Gameplay

The gameplay of Valkyria Chronicles III is similar to that of the previous games in the series . The game is a tactical role @-@ playing game with a third @-@ person shooter battle system . The player controls a group of soldiers on a battlefield , and must complete a series of objectives
================================================================================
EXPERT TRACE (Per token, list of layer expert IDs):
================================================================================
Token   0: [3,7] [2,3] [0,2] [4,5] [4,5] [0,6] [1,4] [0,2] [1,6] [3,7] [2,4] [3,5] [2,6] [0,4] [2,6] [3,7] [3,7] [4,6] [0,7] [1,6] [3,6] [6,7] [2,3] [1,3] [2,7] [2,7] [0,7] [1,4] [2,5] [0,3] [3,5] [3,6]
Token   1: [5,6] [2,6] [6,7] [3,4] [2,6] [3,6] [0,4] [5,6] [4,7] [4,7] [0,4] [2,4] [1,3] [2,4] [2,4] [2,4] [6,7] [3,7] [0,1] [0,7] [4,6] [3,5] [2,4] [1,6] [3,7] [6,7] [2,3] [1,7] [3,5] [3,5] [0,4] [2,7]
Token   2: [5,6] [0,7] [3,6] [3,7] [0,6] [5,6] [2,7] [0,6] [4,6] [4,6] [0,2] [1,4] [3,5] [2,5] [4,7] [0,3] [3,5] [2,5] [0,2] [1,4] [3,5] [0,5] [0,5] [4,7] [0,2] [1,6] [3,5] [5,6] [1,2] [3,6] [0,1] [3,5]
Token   3: [2,7] [1,2] [5,7] [3,5] [1,2] [1,4] [5,7] [2,6] [0,4] [4,7] [1,3] [2,4] [4,5] [2,7] [1,4] [2,4] [0,6] [2,5] [6,7] [0,3] [2,7] [0,3] [3,4] [1,6] [1,7] [0,5] [4,6] [1,2] [6,7] [1,6] [2,4] [0,6]
Token   4: [0,1] [2,7] [6,7] [3,5] [2,5] [1,2] [2,7] [0,6] [4,7] [4,7] [0,2] [0,6] [3,5] [2,5] [1,4] [2,7] [5,6] [1,4] [5,6] [4,6] [0,4] [2,6] [0,3] [1,3] [2,3] [5,7] [2,6] [2,5] [6,7] [0,2] [1,4] [4,6]
Token   5: [6,7] [1,4] [5,6] [0,5] [4,6] [0,2] [4,7] [6,7] [1,7] [3,4] [2,5] [0,6] [2,5] [2,5] [3,4] [2,3] [1,7] [0,1] [2,3] [5,6] [4,6] [2,6] [0,3] [1,2] [3,5] [4,7] [1,6] [0,3] [0,4] [0,2] [2,6] [0,4]
Token   6: [4,7] [0,6] [0,3] [4,5] [2,7] [0,4] [4,7] [5,7] [2,7] [3,4] [4,7] [0,1] [1,2] [0,4] [1,4] [2,5] [5,7] [1,5] [1,6] [0,6] [4,6] [6,7] [1,5] [2,7] [0,7] [3,5] [3,7] [6,7] [2,4] [3,4] [3,4] [2,7]
Token   7: [2,5] [5,7] [0,5] [4,6] [2,4] [0,2] [5,7] [1,6] [2,6] [4,5] [1,3] [2,7] [0,2] [2,7] [3,4] [2,7] [0,7] [0,2] [2,7] [2,5] [1,6] [2,6] [3,6] [1,6] [5,6] [4,7] [1,6] [0,3] [0,4] [0,2] [2,6] [0,4]
Token   8: [1,7] [0,3] [3,5] [4,5] [2,6] [1,7] [4,7] [1,7] [5,7] [3,4] [4,7] [0,1] [2,5] [0,3] [4,5] [2,3] [5,6] [5,7] [1,7] [1,7] [0,4] [6,7] [0,1] [3,7] [5,6] [3,5] [3,7] [4,7] [0,6] [3,5] [5,7] [2,7]
Token   9: [5,7] [5,7] [2,4] [6,7] [0,1] [2,6] [1,5] [5,7] [1,7] [3,4] [2,5] [2,7] [0,5] [0,3] [4,6] [2,7] [0,6] [5,7] [2,7] [1,5] [2,6] [4,7] [1,2] [2,6] [1,6] [1,3] [2,3] [3,6] [1,6] [2,7] [6,7] [2,4]
Token  10: [1,2] [1,2] [4,5] [4,7] [0,1] [4,5] [4,7] [5,7] [1,7] [3,4] [4,7] [1,7] [2,5] [0,3] [4,5] [2,4] [5,6] [4,7] [2,7] [1,3] [2,3] [3,7] [1,2] [2,7] [1,6] [3,6] [3,7] [6,7] [3,6] [2,7] [4,7] [2,7]
Token  11: [1,2] [2,6] [3,4] [0,2] [6,7] [1,7] [2,4] [4,5] [2,7] [3,4] [0,6] [0,3] [4,6] [0,2] [2,4] [0,5] [3,6] [6,7] [4,7] [1,3] [0,3] [2,7] [1,2] [3,4] [1,4] [0,6] [3,5] [2,7] [0,6] [6,7] [5,7] [0,7]
Token  12: [6,7] [3,6] [4,7] [0,2] [0,2] [6,7] [1,5] [5,6] [1,7] [3,4] [1,2] [6,7] [0,5] [1,3] [0,3] [0,2] [3,4] [0,5] [2,7] [1,5] [4,6] [4,6] [0,3] [0,6] [0,1] [1,3] [2,6] [0,4] [0,4] [1,7] [5,7] [0,2]
Token  13: [0,4] [0,6] [0,6] [3,7] [0,5] [1,2] [1,5] [5,7] [1,2] [4,7] [0,2] [0,3] [6,7] [1,3] [0,2] [0,2] [4,6] [2,7] [5,7] [5,6] [2,3] [2,5] [0,2] [0,6] [1,5] [6,7] [2,5] [1,7] [3,7] [5,7] [4,7] [2,7]
Token  14: [3,5] [2,5] [5,7] [0,2] [6,7] [1,7] [0,2] [4,5] [2,7] [4,7] [2,6] [2,3] [0,4] [0,1] [2,7] [2,3] [0,7] [3,7] [1,3] [0,1] [2,6] [3,5] [1,2] [1,2] [3,4] [6,7] [0,3] [1,7] [3,5] [0,7] [3,5] [2,7]
Token  15: [2,5] [2,4] [1,3] [0,3] [4,6] [1,7] [1,5] [2,5] [3,4] [0,6] [0,1] [4,5] [4,6] [0,2] [5,7] [0,5] [6,7] [2,6] [0,4] [4,6] [3,4] [1,6] [0,7] [3,7] [5,6] [0,7] [3,5] [2,6] [3,5] [1,3] [5,7] [4,7]
Token  16: [6,7] [4,5] [3,4] [1,2] [0,2] [5,6] [1,5] [2,5] [1,7] [4,7] [2,7] [0,7] [1,2] [0,3] [4,5] [2,4] [0,5] [5,7] [1,7] [2,3] [1,2] [0,7] [2,3] [3,4] [1,5] [5,7] [0,2] [0,2] [0,6] [2,7] [5,7] [2,7]
Token  17: [0,4] [2,4] [1,3] [5,6] [0,1] [1,7] [5,7] [2,6] [1,5] [0,6] [0,1] [2,4] [0,2] [4,7] [4,7] [0,5] [5,7] [6,7] [0,1] [4,7] [3,4] [1,3] [0,6] [2,3] [5,6] [0,7] [3,5] [2,6] [0,3] [1,3] [5,7] [5,7]
Token  18: [4,7] [4,5] [0,2] [4,6] [1,6] [2,6] [5,7] [2,6] [1,6] [3,4] [1,2] [2,7] [0,5] [2,7] [0,3] [0,1] [3,4] [0,5] [2,7] [2,5] [3,6] [2,6] [3,6] [5,6] [6,7] [1,4] [1,6] [0,3] [0,4] [1,2] [2,6] [0,4]
Token  19: [0,4] [0,6] [0,7] [3,5] [0,5] [2,3] [5,7] [5,6] [5,7] [3,4] [0,5] [0,4] [3,7] [2,4] [0,4] [0,5] [2,5] [2,4] [2,5] [0,7] [2,6] [2,6] [0,3] [1,6] [1,7] [1,5] [2,4] [2,7] [3,7] [2,5] [4,6] [4,6]
Token  20: [3,5] [0,2] [4,7] [3,4] [3,6] [3,7] [1,7] [0,5] [5,7] [3,4] [0,2] [0,4] [3,5] [2,4] [1,5] [2,6] [5,6] [2,4] [5,7] [0,7] [4,6] [2,6] [3,5] [1,2] [1,2] [0,5] [4,7] [2,7] [2,7] [3,4] [1,4] [4,6]
Token  21: [3,7] [0,3] [6,7] [2,5] [2,5] [1,6] [1,4] [0,6] [4,7] [4,7] [0,2] [0,6] [1,5] [2,5] [1,4] [2,7] [5,6] [1,4] [5,6] [4,6] [0,6] [2,6] [3,5] [1,3] [2,3] [5,7] [2,7] [2,5] [2,7] [0,2] [1,4] [4,6]
Token  22: [6,7] [3,4] [2,6] [0,5] [4,6] [0,2] [4,7] [6,7] [1,7] [3,4] [2,5] [0,6] [1,2] [3,5] [3,4] [2,3] [5,7] [0,1] [2,4] [0,5] [4,6] [2,6] [0,3] [1,2] [0,5] [4,7] [1,6] [0,3] [0,4] [0,2] [2,6] [0,4]
Token  23: [4,7] [0,6] [3,7] [4,5] [2,7] [0,4] [0,4] [5,7] [2,7] [3,4] [4,7] [0,1] [1,2] [0,4] [1,5] [5,6] [5,7] [1,5] [1,6] [0,3] [4,6] [1,6] [1,5] [2,7] [0,7] [3,4] [3,7] [6,7] [2,4] [3,4] [3,4] [2,7]
Token  24: [2,5] [0,5] [0,2] [2,4] [2,6] [0,4] [1,4] [1,5] [1,2] [4,5] [2,3] [2,7] [0,2] [1,7] [3,6] [1,7] [0,7] [3,5] [3,5] [1,3] [1,7] [3,7] [2,3] [2,7] [5,6] [0,2] [1,5] [4,6] [2,5] [1,5] [3,5] [1,5]
Token  25: [1,5] [2,6] [1,5] [4,7] [2,4] [4,7] [1,5] [1,5] [1,6] [4,5] [2,3] [2,5] [0,2] [2,7] [3,4] [2,7] [0,7] [0,5] [2,4] [2,5] [4,6] [2,6] [3,6] [1,3] [5,6] [4,7] [1,6] [0,3] [0,4] [1,2] [2,6] [0,4]
Token  26: [1,7] [0,3] [3,5] [4,5] [2,6] [1,7] [4,7] [1,7] [5,7] [3,4] [4,7] [0,1] [2,5] [0,3] [4,5] [2,4] [5,6] [5,7] [1,7] [1,7] [0,4] [3,7] [1,2] [3,7] [5,6] [3,5] [3,7] [4,7] [0,6] [3,5] [5,7] [2,7]
Token  27: [5,7] [5,7] [2,4] [2,7] [0,1] [2,6] [1,5] [5,7] [1,7] [3,4] [2,5] [2,7] [2,5] [0,3] [4,6] [2,3] [0,6] [5,7] [2,7] [1,5] [2,6] [4,7] [1,2] [2,6] [1,6] [1,3] [2,3] [3,6] [1,6] [2,7] [6,7] [2,4]
Token  28: [0,2] [1,2] [2,5] [4,7] [0,1] [4,5] [4,7] [5,7] [1,7] [3,4] [4,7] [1,7] [2,5] [0,3] [4,5] [2,4] [5,6] [4,7] [3,7] [1,3] [2,3] [4,7] [2,7] [0,7] [1,6] [3,4] [3,7] [1,6] [3,6] [2,7] [2,7] [2,7]
Token  29: [1,2] [2,6] [3,4] [0,2] [4,6] [5,7] [2,7] [5,6] [3,4] [6,7] [0,3] [4,5] [2,6] [0,7] [4,7] [0,5] [6,7] [3,6] [4,7] [1,3] [0,6] [2,7] [1,2] [3,4] [6,7] [0,6] [3,7] [1,2] [0,6] [6,7] [5,7] [0,7]
Token  30: [4,6] [3,6] [2,4] [0,2] [4,5] [6,7] [1,5] [5,6] [1,7] [3,4] [1,2] [6,7] [0,5] [1,3] [0,3] [0,2] [3,4] [5,7] [2,7] [1,5] [4,6] [2,4] [0,3] [0,6] [0,1] [3,6] [2,6] [0,4] [0,4] [1,7] [6,7] [0,4]
Token  31: [0,4] [0,6] [0,6] [3,7] [1,5] [1,3] [1,5] [5,7] [1,5] [4,5] [0,2] [0,4] [1,3] [2,7] [0,4] [0,5] [2,5] [4,7] [1,5] [0,3] [3,6] [0,2] [0,1] [2,6] [0,5] [5,6] [1,2] [0,7] [0,7] [5,7] [6,7] [2,4]
Token  32: [3,5] [2,5] [5,7] [0,2] [6,7] [1,7] [0,2] [4,5] [1,7] [4,7] [2,6] [2,3] [0,6] [0,1] [2,7] [2,3] [0,7] [3,7] [1,3] [0,1] [2,6] [3,5] [1,2] [1,2] [1,3] [6,7] [2,3] [1,6] [0,5] [0,1] [3,5] [2,7]
Token  33: [2,5] [2,4] [3,7] [0,4] [4,6] [1,7] [1,6] [2,5] [3,4] [0,6] [0,3] [1,4] [4,6] [0,2] [5,7] [0,5] [5,7] [6,7] [0,1] [2,4] [3,4] [1,3] [0,1] [0,3] [5,6] [0,7] [3,5] [0,2] [3,6] [1,7] [5,7] [2,7]
Token  34: [6,7] [4,5] [3,4] [1,7] [0,2] [5,6] [1,5] [2,5] [1,7] [3,4] [2,7] [0,7] [1,2] [0,3] [4,5] [2,4] [0,5] [4,7] [1,7] [2,3] [1,2] [0,7] [2,3] [3,4] [1,5] [3,5] [0,2] [0,2] [0,6] [2,7] [5,7] [2,7]
Token  35: [0,4] [2,4] [0,1] [5,6] [0,1] [1,7] [5,7] [2,6] [5,7] [6,7] [0,1] [2,4] [0,3] [0,7] [4,7] [0,2] [5,7] [3,6] [5,7] [1,3] [1,2] [3,7] [0,2] [3,4] [0,1] [3,7] [1,5] [0,2] [0,6] [6,7] [5,7] [5,7]
Token  36: [4,7] [4,5] [0,2] [1,6] [0,1] [2,7] [5,7] [5,6] [1,7] [3,4] [1,2] [2,7] [0,1] [2,7] [0,3] [0,1] [3,7] [0,5] [2,7] [2,5] [3,6] [2,6] [3,6] [5,6] [6,7] [1,4] [1,6] [0,3] [0,4] [1,2] [2,6] [0,4]
Token  37: [4,7] [6,7] [0,7] [3,5] [1,5] [2,3] [5,6] [5,6] [5,7] [4,5] [0,2] [2,4] [3,7] [2,4] [0,4] [0,2] [5,6] [4,5] [0,1] [5,7] [4,6] [2,5] [5,6] [2,7] [4,5] [1,3] [5,7] [1,7] [1,3] [4,5] [0,4] [2,7]
Token  38: [3,5] [0,3] [2,6] [3,7] [6,7] [5,6] [2,6] [0,6] [4,7] [4,6] [0,2] [0,1] [2,3] [2,3] [5,7] [0,3] [3,7] [2,5] [0,2] [1,4] [3,5] [0,1] [0,5] [2,7] [0,2] [1,5] [3,5] [5,6] [1,2] [3,6] [0,1] [3,5]
Token  39: [2,7] [0,2] [5,7] [3,5] [1,2] [1,4] [5,7] [2,6] [0,4] [4,7] [1,3] [4,6] [4,5] [2,7] [1,4] [2,4] [6,7] [2,4] [6,7] [0,3] [2,7] [0,2] [3,4] [1,6] [1,2] [0,5] [4,6] [1,2] [6,7] [1,6] [2,4] [0,6]
Token  40: [0,1] [2,7] [6,7] [3,5] [2,5] [1,2] [2,4] [0,6] [4,7] [4,7] [0,2] [0,6] [1,5] [2,5] [4,5] [2,7] [5,7] [1,4] [5,6] [4,6] [0,6] [2,6] [3,5] [1,3] [2,3] [5,7] [0,2] [2,5] [2,7] [0,2] [1,4] [4,6]
Token  41: [6,7] [1,4] [5,6] [0,5] [4,6] [0,2] [4,7] [6,7] [1,7] [3,4] [2,5] [0,6] [1,2] [3,5] [4,5] [2,3] [1,7] [0,1] [1,3] [0,5] [4,6] [2,6] [0,3] [1,2] [0,5] [4,7] [1,6] [0,3] [0,4] [0,2] [2,6] [0,4]
Token  42: [4,7] [0,3] [3,7] [4,5] [2,7] [0,4] [0,4] [5,7] [2,7] [3,4] [4,7] [0,1] [1,2] [0,4] [1,5] [5,6] [5,7] [1,5] [1,3] [0,3] [0,4] [1,7] [0,5] [2,7] [0,7] [3,4] [3,7] [6,7] [2,4] [3,4] [3,4] [2,7]
Token  43: [2,5] [3,5] [0,5] [6,7] [2,4] [3,4] [1,5] [1,5] [2,6] [4,5] [1,2] [2,5] [0,2] [2,7] [3,4] [2,7] [0,7] [0,2] [1,2] [2,5] [4,6] [2,6] [3,6] [1,3] [5,6] [4,7] [1,6] [0,3] [4,5] [0,2] [2,6] [0,4]
Token  44: [1,7] [0,3] [3,5] [4,5] [2,6] [1,7] [4,7] [1,7] [5,7] [3,4] [4,7] [0,1] [2,5] [0,3] [4,5] [2,4] [5,6] [5,7] [1,7] [1,3] [3,4] [3,7] [0,1] [3,7] [5,6] [3,5] [3,7] [4,6] [0,6] [3,5] [5,7] [2,7]
Token  45: [5,7] [5,7] [2,4] [6,7] [0,1] [2,6] [1,4] [5,7] [1,7] [3,4] [2,5] [2,7] [2,5] [1,3] [4,6] [2,3] [0,6] [4,7] [1,7] [1,5] [2,6] [4,7] [2,7] [6,7] [1,6] [1,6] [2,3] [3,6] [1,6] [2,7] [6,7] [4,5]
Token  46: [0,2] [1,2] [4,5] [4,7] [0,1] [4,5] [1,4] [5,7] [1,7] [3,4] [4,7] [1,7] [2,5] [0,3] [4,5] [2,4] [5,6] [4,7] [1,7] [1,3] [2,3] [3,7] [1,2] [2,7] [1,6] [3,7] [3,7] [6,7] [3,6] [2,7] [4,7] [2,7]
Token  47: [1,2] [2,6] [3,4] [0,2] [1,4] [1,7] [1,2] [5,6] [1,4] [5,6] [0,2] [2,4] [0,2] [0,7] [4,5] [2,3] [5,6] [4,6] [4,7] [1,3] [0,3] [2,7] [1,2] [0,3] [1,4] [0,6] [3,7] [2,7] [0,6] [6,7] [5,7] [0,7]
Token  48: [6,7] [3,6] [4,5] [0,2] [0,2] [5,6] [1,5] [5,6] [1,7] [3,4] [1,2] [2,7] [0,5] [1,3] [3,6] [0,2] [3,4] [0,5] [2,7] [1,5] [4,6] [4,6] [0,3] [0,6] [0,1] [1,3] [2,6] [0,4] [0,4] [1,7] [6,7] [0,4]
Token  49: [0,4] [0,6] [0,6] [3,7] [1,5] [1,3] [1,5] [5,6] [2,5] [3,5] [0,2] [0,4] [0,3] [2,7] [0,3] [0,5] [5,7] [2,4] [1,5] [2,3] [3,6] [1,7] [0,5] [2,7] [0,6] [2,3] [1,5] [2,7] [3,7] [5,7] [4,6] [2,4]
Token  50: [3,5] [2,5] [5,7] [0,2] [6,7] [1,7] [0,2] [4,5] [4,7] [4,7] [0,6] [2,3] [0,4] [0,1] [2,7] [2,3] [0,7] [3,7] [1,3] [0,6] [2,6] [3,5] [1,2] [1,2] [1,3] [6,7] [2,3] [1,2] [0,5] [0,1] [3,5] [2,7]
Token  51: [2,5] [2,4] [3,7] [0,2] [4,6] [1,7] [0,1] [2,5] [3,4] [4,6] [0,3] [1,4] [4,6] [0,7] [4,7] [0,5] [5,6] [6,7] [0,1] [3,7] [3,4] [1,3] [0,6] [3,5] [5,6] [4,7] [2,5] [0,2] [2,6] [1,4] [3,5] [1,7]
Token  52: [6,7] [4,5] [3,4] [1,7] [0,2] [5,6] [1,5] [2,5] [1,7] [3,4] [2,7] [0,7] [1,2] [0,3] [4,5] [2,4] [0,5] [4,7] [1,7] [2,3] [1,2] [0,5] [2,3] [3,4] [1,5] [3,5] [0,2] [0,1] [0,6] [2,7] [5,7] [2,7]
Token  53: [0,4] [2,4] [1,3] [1,6] [0,6] [2,7] [2,7] [2,6] [5,7] [6,7] [0,1] [4,5] [0,2] [4,7] [4,5] [2,3] [5,7] [3,6] [1,7] [1,3] [1,2] [3,7] [0,2] [3,4] [1,5] [3,7] [1,5] [0,2] [0,6] [6,7] [5,7] [5,7]
Token  54: [4,7] [4,5] [0,2] [1,6] [0,1] [2,7] [5,7] [5,6] [1,7] [3,4] [1,2] [2,7] [0,5] [2,7] [0,3] [0,1] [3,7] [0,5] [2,7] [2,5] [3,6] [2,6] [3,6] [5,6] [5,7] [1,4] [1,6] [0,3] [1,4] [1,2] [2,6] [0,4]
Token  55: [4,7] [6,7] [0,7] [3,5] [1,5] [2,3] [5,6] [5,6] [5,7] [4,5] [0,2] [2,4] [3,7] [2,4] [0,4] [0,2] [5,6] [4,5] [0,3] [5,7] [4,6] [2,5] [5,6] [2,7] [5,6] [0,1] [5,7] [1,7] [1,3] [4,5] [0,4] [2,7]
Token  56: [0,7] [6,7] [0,1] [2,3] [0,6] [1,7] [0,1] [0,4] [2,7] [4,5] [0,2] [2,3] [0,3] [1,2] [2,7] [2,4] [3,7] [3,7] [1,3] [0,1] [2,6] [3,5] [1,2] [1,2] [1,3] [6,7] [2,3] [1,2] [3,5] [0,1] [3,5] [2,7]
Token  57: [5,6] [1,6] [6,7] [2,3] [1,6] [3,6] [0,2] [5,6] [0,4] [4,7] [0,7] [2,4] [1,3] [2,4] [0,4] [2,4] [5,6] [4,7] [0,3] [5,7] [4,6] [2,5] [4,5] [3,6] [5,7] [1,6] [2,5] [1,7] [0,3] [3,5] [0,4] [2,5]
Token  58: [0,6] [5,7] [3,4] [4,5] [6,7] [0,7] [1,4] [0,5] [6,7] [1,4] [0,3] [0,7] [3,6] [2,6] [1,4] [4,7] [4,5] [3,7] [0,3] [1,5] [1,4] [0,2] [1,5] [2,6] [2,5] [1,7] [4,7] [1,7] [0,3] [3,5] [0,7] [2,7]
Token  59: [2,6] [2,7] [0,4] [3,5] [2,5] [1,4] [5,7] [4,6] [0,4] [4,7] [3,5] [2,7] [4,5] [0,2] [4,7] [3,4] [0,1] [5,7] [5,7] [2,5] [1,4] [0,5] [4,5] [3,6] [0,7] [6,7] [4,7] [1,7] [5,6] [1,6] [5,7] [1,5]
Token  60: [0,1] [1,5] [4,5] [1,3] [4,5] [1,4] [2,7] [4,6] [3,4] [5,6] [3,5] [5,7] [4,5] [2,7] [0,4] [2,4] [0,1] [0,6] [6,7] [2,5] [2,3] [2,7] [1,5] [1,3] [0,3] [6,7] [1,4] [1,6] [1,5] [1,7] [2,7] [0,2]
Token  61: [0,1] [6,7] [0,3] [3,5] [4,5] [0,1] [2,5] [2,5] [0,3] [1,5] [0,3] [4,5] [4,6] [0,7] [4,7] [0,5] [6,7] [2,6] [0,4] [4,6] [4,5] [1,6] [0,7] [3,7] [5,6] [0,7] [3,5] [2,6] [0,5] [1,3] [5,7] [2,3]
Token  62: [5,6] [1,7] [1,3] [3,5] [1,7] [0,3] [2,4] [5,6] [0,4] [4,6] [2,3] [0,1] [3,6] [2,5] [2,4] [1,4] [5,6] [4,7] [0,3] [5,7] [0,4] [3,5] [4,5] [3,4] [3,4] [1,6] [2,3] [1,7] [1,3] [4,5] [0,4] [2,5]
Token  63: [5,6] [0,7] [3,6] [3,7] [0,6] [5,6] [2,7] [0,6] [3,4] [4,6] [0,2] [1,4] [3,6] [2,5] [4,7] [0,3] [1,3] [2,5] [0,2] [1,4] [1,5] [0,5] [0,5] [4,7] [0,1] [1,5] [3,5] [5,6] [1,2] [3,6] [0,1] [3,5]
Token  64: [2,7] [1,2] [5,7] [1,3] [1,2] [1,4] [5,7] [2,6] [0,4] [4,7] [1,3] [2,4] [4,6] [2,7] [1,4] [2,4] [0,1] [0,2] [6,7] [0,3] [2,7] [0,3] [4,5] [1,6] [1,7] [0,6] [4,6] [1,2] [6,7] [1,6] [2,4] [0,6]
Token  65: [0,1] [1,5] [4,5] [1,3] [4,5] [1,4] [2,7] [4,6] [3,4] [5,7] [3,5] [5,7] [4,5] [2,7] [0,4] [2,4] [1,3] [0,2] [6,7] [2,5] [2,7] [0,7] [3,4] [1,6] [1,6] [0,6] [4,6] [2,6] [5,7] [1,6] [2,4] [0,6]
Token  66: [1,5] [6,7] [2,6] [6,7] [3,7] [1,4] [2,5] [1,6] [0,5] [0,4] [4,7] [0,1] [5,6] [0,4] [1,5] [1,6] [6,7] [1,5] [1,6] [4,7] [5,6] [1,3] [0,6] [3,7] [5,6] [5,7] [3,5] [1,7] [3,5] [4,5] [4,7] [2,7]
Token  67: [0,7] [5,7] [0,3] [1,3] [3,5] [0,1] [5,7] [2,6] [4,5] [0,6] [1,3] [2,4] [0,5] [0,2] [5,7] [1,5] [0,2] [3,7] [4,5] [1,3] [2,5] [1,4] [0,2] [3,6] [0,3] [2,6] [0,4] [2,5] [2,6] [0,3] [3,5] [1,5]
Token  68: [2,3] [4,5] [1,3] [1,6] [0,5] [0,1] [1,3] [1,5] [2,7] [2,6] [1,7] [2,7] [0,5] [0,1] [2,6] [0,5] [1,2] [3,6] [5,7] [0,1] [2,7] [1,4] [0,7] [4,7] [0,5] [0,4] [0,7] [4,5] [5,7] [0,2] [3,5] [1,5]
Token  69: [0,5] [5,6] [1,6] [1,7] [2,7] [0,2] [0,3] [0,5] [2,7] [2,6] [0,1] [5,7] [0,4] [0,1] [6,7] [0,7] [0,1] [3,6] [5,7] [6,7] [3,6] [1,3] [0,5] [2,3] [5,6] [0,2] [0,5] [4,5] [0,5] [1,2] [3,5] [1,5]
Token  70: [0,2] [0,7] [0,4] [1,3] [2,7] [0,4] [3,5] [2,6] [1,6] [1,6] [4,7] [1,7] [0,6] [0,3] [5,6] [0,7] [0,1] [2,5] [4,5] [1,2] [0,4] [1,4] [0,7] [0,3] [5,6] [0,7] [1,5] [6,7] [0,4] [1,7] [2,7] [1,2]
Token  71: [1,2] [0,3] [4,6] [1,7] [2,3] [4,7] [1,4] [2,7] [1,6] [4,6] [0,3] [2,4] [0,4] [0,1] [6,7] [0,5] [0,7] [3,6] [1,5] [1,6] [3,4] [1,6] [0,1] [1,3] [5,6] [0,7] [3,5] [2,6] [2,5] [2,7] [3,5] [1,5]
Token  72: [1,2] [0,7] [4,7] [0,1] [1,3] [0,6] [5,7] [2,6] [5,6] [0,6] [1,7] [2,5] [0,1] [1,2] [5,6] [1,7] [0,1] [0,5] [4,7] [0,5] [3,4] [1,7] [0,5] [0,3] [5,6] [2,7] [0,5] [0,2] [3,4] [1,7] [2,7] [0,2]
Token  73: [1,4] [0,7] [2,6] [0,1] [2,6] [5,6] [5,6] [5,6] [0,1] [5,6] [1,2] [1,5] [0,1] [1,3] [3,6] [1,7] [0,3] [0,2] [2,7] [0,3] [2,4] [3,4] [3,4] [1,6] [1,2] [0,1] [4,6] [2,5] [5,7] [1,6] [2,4] [0,6]
Token  74: [1,4] [0,3] [6,7] [0,3] [2,5] [0,1] [2,7] [0,6] [4,5] [4,6] [0,2] [4,6] [5,6] [5,7] [4,7] [1,2] [5,7] [1,4] [5,6] [4,6] [0,2] [4,6] [3,5] [1,5] [2,3] [5,7] [2,7] [4,5] [2,6] [0,2] [1,4] [4,6]
Token  75: [5,6] [0,4] [6,7] [1,7] [0,6] [5,6] [2,7] [6,7] [5,6] [1,4] [5,6] [6,7] [4,5] [4,5] [0,4] [1,4] [1,3] [0,1] [1,2] [1,5] [2,5] [0,6] [3,6] [5,6] [3,5] [4,7] [1,6] [3,6] [4,5] [3,6] [4,6] [0,4]
Token  76: [3,6] [2,6] [1,5] [2,4] [3,7] [0,6] [2,7] [1,4] [5,6] [0,3] [4,7] [0,1] [1,2] [0,4] [1,5] [1,6] [4,5] [1,3] [1,6] [4,7] [5,6] [3,6] [0,5] [1,7] [0,5] [3,5] [0,7] [4,7] [1,4] [3,4] [1,4] [6,7]
Token  77: [5,7] [5,7] [1,5] [1,6] [1,6] [4,5] [0,2] [0,7] [4,6] [1,7] [1,3] [1,4] [4,5] [6,7] [0,7] [1,7] [3,4] [0,1] [6,7] [2,7] [3,7] [3,7] [3,6] [1,5] [0,6] [3,4] [1,5] [1,2] [4,5] [0,6] [2,6] [0,4]
Token  78: [2,5] [2,3] [1,6] [4,6] [4,7] [0,4] [2,5] [1,4] [5,6] [0,4] [4,7] [0,1] [1,2] [0,4] [1,5] [1,6] [4,5] [1,5] [1,6] [4,7] [5,6] [3,6] [0,5] [2,3] [5,6] [5,7] [3,5] [1,7] [3,4] [4,5] [4,7] [2,7]
Token  79: [0,7] [3,7] [0,1] [1,6] [3,6] [5,6] [0,7] [1,6] [4,6] [0,5] [3,7] [0,1] [1,2] [1,6] [5,7] [0,3] [0,3] [0,5] [0,2] [0,4] [3,5] [0,4] [0,5] [0,7] [0,5] [5,6] [3,5] [5,6] [1,2] [3,6] [1,7] [3,5]
Token  80: [2,7] [1,3] [0,1] [0,7] [5,6] [1,3] [2,7] [5,6] [1,6] [1,5] [2,3] [1,2] [1,2] [1,6] [5,6] [1,7] [0,4] [5,6] [0,3] [1,4] [1,5] [0,4] [0,5] [0,1] [0,5] [2,6] [3,5] [5,7] [1,2] [6,7] [1,4] [3,7]
Token  81: [2,6] [3,4] [1,5] [0,5] [1,2] [1,4] [5,7] [2,6] [4,6] [1,7] [1,3] [4,5] [1,4] [2,7] [0,3] [1,7] [0,1] [0,2] [2,7] [2,3] [3,7] [2,3] [3,6] [1,6] [5,6] [3,4] [1,6] [0,2] [4,5] [1,2] [2,6] [0,4]
Token  82: [0,1] [3,6] [3,7] [2,4] [2,7] [0,4] [0,2] [5,6] [5,6] [0,4] [2,7] [0,1] [1,7] [0,4] [1,5] [5,6] [6,7] [1,5] [1,6] [4,6] [4,7] [4,6] [1,5] [2,7] [0,7] [3,6] [0,3] [6,7] [4,5] [3,4] [3,4] [2,7]
Token  83: [4,5] [3,4] [1,5] [2,6] [3,5] [6,7] [2,7] [3,5] [4,6] [1,4] [3,7] [0,3] [1,4] [1,6] [1,7] [0,3] [0,3] [0,5] [0,2] [1,4] [1,5] [0,4] [0,5] [0,3] [0,6] [2,6] [3,5] [5,7] [1,2] [3,6] [1,7] [3,7]
Token  84: [2,7] [1,2] [1,5] [0,3] [2,4] [2,6] [2,7] [5,6] [4,6] [1,4] [1,3] [2,4] [0,4] [2,7] [0,3] [1,7] [0,1] [0,2] [2,4] [2,3] [2,7] [2,3] [3,6] [1,6] [5,6] [4,7] [1,6] [0,2] [1,4] [1,2] [2,6] [0,4]
Token  85: [0,7] [6,7] [0,7] [3,5] [1,5] [2,3] [5,6] [5,6] [0,5] [5,6] [0,2] [1,4] [3,6] [4,7] [0,4] [0,5] [5,6] [4,5] [0,3] [5,7] [2,4] [1,5] [5,6] [4,7] [0,4] [1,3] [3,7] [6,7] [1,3] [4,5] [0,4] [2,7]
Token  86: [3,5] [0,3] [2,6] [2,3] [5,7] [5,6] [2,6] [0,6] [3,4] [5,6] [0,2] [1,4] [3,6] [2,3] [4,7] [0,3] [1,3] [2,5] [0,2] [1,4] [3,5] [0,1] [0,5] [3,7] [0,5] [5,7] [3,5] [2,6] [1,2] [3,6] [0,1] [3,5]
Token  87: [2,7] [2,3] [5,7] [3,5] [1,2] [1,4] [5,7] [4,6] [0,4] [4,7] [1,3] [2,4] [4,6] [2,3] [1,4] [2,4] [0,1] [2,5] [6,7] [0,3] [2,7] [0,3] [3,4] [1,6] [1,7] [0,6] [4,6] [1,2] [6,7] [1,6] [2,4] [0,6]
Token  88: [0,1] [2,7] [6,7] [3,5] [2,5] [1,6] [2,4] [0,6] [4,5] [4,7] [0,2] [0,6] [5,6] [3,5] [4,7] [1,2] [5,7] [1,4] [5,6] [4,6] [0,5] [2,6] [3,5] [1,5] [0,3] [5,7] [2,7] [2,5] [2,7] [0,2] [1,4] [4,6]
Token  89: [4,6] [3,4] [1,6] [5,7] [3,5] [3,6] [0,7] [4,6] [4,6] [4,5] [3,4] [0,6] [6,7] [5,6] [4,7] [1,4] [0,1] [6,7] [0,2] [4,6] [0,5] [2,4] [0,5] [3,7] [0,5] [2,5] [5,7] [5,6] [1,3] [3,6] [1,3] [1,3]
Token  90: [2,3] [2,4] [1,3] [6,7] [1,4] [4,7] [1,2] [5,7] [0,3] [5,6] [0,3] [5,7] [2,7] [0,1] [3,6] [0,3] [0,1] [3,6] [1,5] [1,6] [0,4] [0,7] [1,4] [1,3] [5,6] [2,7] [1,5] [4,6] [5,7] [2,6] [3,5] [1,5]
Token  91: [3,7] [1,4] [2,5] [6,7] [1,7] [4,5] [2,3] [4,5] [0,6] [5,6] [3,5] [5,7] [2,5] [5,6] [5,6] [1,7] [0,1] [2,5] [0,3] [2,7] [3,5] [1,2] [4,5] [3,5] [5,6] [2,7] [3,5] [5,6] [0,4] [1,7] [5,7] [3,5]
Token  92: [1,4] [3,5] [1,2] [5,7] [6,7] [1,4] [3,5] [3,5] [3,6] [4,5] [3,5] [2,7] [2,4] [1,6] [2,6] [1,7] [0,1] [6,7] [5,7] [5,6] [3,7] [2,6] [3,5] [0,3] [6,7] [2,3] [1,7] [3,6] [4,5] [1,7] [5,7] [0,1]
Token  93: [0,1] [5,7] [0,5] [2,5] [3,7] [1,7] [0,3] [4,5] [1,7] [2,5] [0,2] [2,3] [4,6] [1,3] [2,6] [0,3] [0,4] [3,7] [1,7] [2,5] [6,7] [0,5] [1,2] [1,6] [1,2] [6,7] [2,3] [1,3] [1,3] [6,7] [5,7] [1,5]
Token  94: [5,6] [2,4] [0,4] [1,2] [3,7] [5,7] [0,3] [4,5] [1,7] [2,5] [0,2] [2,3] [6,7] [1,3] [2,6] [0,5] [4,6] [3,7] [5,7] [2,6] [3,6] [5,6] [2,6] [0,6] [0,2] [6,7] [1,2] [1,6] [1,3] [6,7] [0,7] [1,5]
Token  95: [0,3] [4,7] [0,5] [2,7] [0,3] [3,5] [0,5] [4,5] [1,5] [2,7] [0,2] [0,1] [6,7] [1,3] [2,7] [0,1] [4,7] [3,7] [5,7] [2,6] [5,6] [0,5] [2,4] [3,6] [1,6] [2,4] [0,2] [1,3] [3,5] [6,7] [5,7] [1,5]
Token  96: [3,5] [0,1] [5,6] [2,7] [4,7] [1,4] [3,5] [4,6] [0,3] [0,5] [3,5] [2,5] [0,5] [1,2] [3,5] [1,7] [0,7] [2,5] [4,7] [2,7] [3,5] [2,7] [4,5] [3,4] [5,6] [2,6] [3,5] [6,7] [0,4] [1,7] [2,7] [1,3]
Token  97: [4,5] [3,7] [0,4] [1,5] [2,7] [1,4] [5,7] [4,6] [4,6] [4,7] [1,3] [5,6] [0,4] [2,7] [3,4] [1,7] [0,1] [0,2] [2,4] [2,3] [2,7] [2,3] [3,4] [1,6] [6,7] [3,4] [1,5] [1,2] [4,7] [0,2] [2,6] [0,4]
Token  98: [0,1] [0,1] [3,6] [4,5] [2,7] [1,2] [0,7] [4,6] [0,5] [4,6] [0,4] [3,4] [3,6] [2,4] [4,6] [5,6] [2,5] [4,5] [1,3] [4,5] [2,4] [2,6] [0,5] [1,7] [0,6] [2,6] [5,7] [4,6] [1,2] [3,4] [1,3] [3,6]
Token  99: [5,7] [0,7] [3,6] [4,6] [3,7] [1,6] [3,4] [0,7] [3,6] [4,5] [3,5] [0,7] [6,7] [3,6] [4,7] [3,4] [0,3] [6,7] [0,2] [3,4] [5,6] [0,3] [0,5] [3,7] [0,5] [5,6] [3,7] [5,6] [1,3] [3,6] [1,4] [1,5]
Token 100: [3,5] [1,3] [1,2] [4,7] [2,3] [0,4] [2,4] [4,7] [1,3] [4,5] [2,3] [3,7] [2,6] [1,6] [4,6] [1,7] [0,3] [3,6] [3,7] [0,6] [0,1] [4,6] [1,7] [0,1] [0,1] [2,6] [1,2] [6,7] [2,3] [1,7] [5,7] [1,3]
Token 101: [0,2] [5,6] [0,5] [2,7] [3,7] [5,7] [0,3] [4,5] [1,7] [2,5] [0,2] [0,3] [4,6] [1,3] [2,6] [0,3] [3,4] [3,7] [4,7] [0,5] [4,6] [0,5] [1,2] [1,6] [1,2] [6,7] [2,3] [1,6] [1,3] [6,7] [5,7] [1,5]
Token 102: [5,6] [2,4] [0,4] [1,2] [3,7] [5,7] [0,3] [4,5] [1,7] [1,2] [0,2] [0,3] [6,7] [1,3] [2,6] [0,5] [4,6] [3,7] [3,7] [2,6] [3,6] [5,6] [2,6] [0,6] [0,2] [4,6] [0,2] [1,6] [1,3] [6,7] [0,7] [1,5]
Token 103: [0,3] [4,7] [0,5] [2,7] [0,3] [3,5] [0,5] [2,5] [1,5] [2,3] [0,2] [0,1] [6,7] [1,3] [2,6] [0,1] [6,7] [3,7] [3,7] [2,6] [4,6] [0,4] [1,2] [0,1] [0,1] [2,6] [0,2] [6,7] [3,5] [1,7] [0,5] [1,5]
Token 104: [3,5] [0,4] [1,5] [0,7] [2,4] [0,4] [6,7] [3,4] [3,5] [4,5] [0,3] [5,7] [0,2] [5,6] [3,6] [1,7] [4,7] [2,5] [0,4] [2,7] [2,5] [0,1] [0,5] [0,3] [0,6] [2,6] [5,7] [2,6] [0,1] [1,6] [3,7] [3,5]
Token 105: [1,5] [1,5] [5,6] [0,6] [4,5] [1,2] [3,7] [2,4] [1,3] [4,5] [0,3] [5,7] [2,4] [1,6] [3,6] [0,3] [0,1] [6,7] [1,7] [1,3] [4,5] [4,7] [2,7] [1,4] [5,7] [3,6] [4,6] [4,6] [4,5] [2,7] [5,7] [1,5]
Token 106: [2,3] [1,6] [1,5] [0,6] [1,7] [0,4] [5,7] [2,4] [3,5] [4,5] [1,3] [5,7] [0,5] [1,6] [3,5] [1,7] [0,7] [2,5] [2,4] [2,7] [1,5] [0,4] [4,5] [3,5] [5,6] [1,6] [3,5] [6,7] [0,4] [1,6] [2,7] [3,5]
Token 107: [1,4] [0,7] [1,2] [1,6] [0,4] [1,4] [3,5] [0,5] [3,4] [5,7] [3,5] [2,5] [2,4] [1,6] [3,5] [2,4] [0,1] [0,2] [4,7] [1,7] [1,3] [6,7] [4,5] [1,3] [1,6] [3,6] [1,7] [4,6] [4,5] [1,6] [0,2] [1,5]
Token 108: [1,4] [1,3] [4,5] [6,7] [2,7] [1,5] [2,7] [0,7] [4,6] [5,7] [1,3] [4,5] [0,4] [2,7] [0,3] [4,7] [1,7] [0,2] [2,6] [2,3] [1,7] [3,6] [3,6] [1,6] [6,7] [1,7] [1,4] [1,2] [0,4] [0,2] [2,6] [0,4]
Token 109: [0,7] [0,6] [0,7] [3,5] [1,5] [2,3] [5,6] [5,6] [0,5] [4,6] [0,5] [3,4] [3,6] [2,4] [0,4] [0,5] [5,6] [4,5] [0,3] [5,7] [0,4] [1,5] [5,6] [4,7] [0,4] [1,3] [3,7] [6,7] [1,3] [4,5] [0,4] [2,7]
Token 110: [3,5] [0,3] [2,6] [2,3] [5,7] [5,6] [2,6] [0,6] [3,4] [4,6] [0,2] [1,4] [3,6] [2,3] [4,7] [0,3] [3,5] [2,5] [0,2] [1,4] [3,5] [0,5] [0,5] [4,7] [0,1] [1,5] [3,5] [5,6] [1,2] [3,6] [0,1] [3,5]
Token 111: [2,7] [1,2] [5,7] [0,1] [5,7] [0,4] [2,5] [2,6] [3,4] [0,4] [2,5] [2,7] [4,6] [2,5] [1,4] [4,7] [2,4] [2,4] [6,7] [0,3] [2,4] [3,7] [5,7] [1,2] [1,6] [0,4] [0,4] [2,6] [6,7] [2,3] [1,2] [0,6]
Token 112: [1,7] [1,4] [5,6] [0,5] [1,4] [3,7] [0,7] [1,6] [0,3] [0,5] [4,5] [0,6] [2,6] [0,5] [4,5] [2,6] [2,6] [1,5] [1,3] [0,4] [1,6] [1,6] [0,5] [3,4] [5,6] [3,7] [3,5] [4,6] [0,2] [4,5] [0,1] [2,7]
Token 113: [1,4] [6,7] [0,6] [0,5] [3,4] [6,7] [6,7] [1,4] [3,4] [0,4] [3,4] [1,7] [4,6] [0,6] [4,7] [0,4] [0,3] [6,7] [0,2] [0,4] [1,5] [1,3] [0,5] [0,3] [2,5] [3,6] [3,5] [5,6] [1,3] [6,7] [1,3] [1,5]
Token 114: [3,7] [2,5] [1,2] [4,5] [0,4] [1,5] [2,5] [2,3] [3,4] [0,7] [1,3] [5,7] [4,7] [6,7] [3,4] [4,7] [1,2] [0,7] [2,4] [0,3] [2,7] [4,6] [2,6] [0,1] [2,6] [3,4] [0,1] [1,2] [0,4] [0,2] [4,6] [0,4]
Token 115: [2,5] [0,4] [0,4] [4,5] [3,6] [1,6] [2,5] [1,3] [0,3] [0,7] [3,4] [0,1] [6,7] [4,6] [1,5] [5,6] [4,6] [5,6] [0,3] [4,5] [1,5] [1,6] [0,5] [0,3] [1,5] [3,4] [2,3] [4,5] [2,3] [4,7] [0,1] [3,6]
Token 116: [5,7] [2,5] [1,5] [0,5] [1,4] [6,7] [2,3] [2,3] [0,3] [0,6] [1,3] [2,5] [4,7] [2,7] [2,3] [4,7] [2,6] [0,2] [2,6] [0,5] [1,7] [0,6] [0,6] [1,2] [2,4] [0,4] [1,4] [1,2] [0,7] [0,2] [2,6] [0,4]
Token 117: [1,4] [1,2] [3,7] [3,4] [2,6] [1,7] [0,3] [1,2] [3,4] [0,3] [4,7] [1,4] [6,7] [0,4] [1,2] [5,6] [4,6] [1,5] [1,6] [4,6] [2,6] [1,6] [1,5] [3,7] [1,4] [3,5] [0,7] [4,6] [0,6] [4,5] [3,5] [3,6]
Token 118: [5,7] [1,4] [1,5] [4,6] [2,3] [6,7] [0,7] [1,4] [3,4] [4,5] [3,5] [1,7] [6,7] [0,6] [4,7] [0,3] [0,6] [6,7] [0,2] [0,4] [1,5] [1,6] [0,5] [3,4] [0,2] [3,5] [3,5] [0,6] [0,1] [3,6] [1,3] [1,3]
Token 119: [3,7] [1,5] [1,4] [1,6] [1,4] [1,4] [2,7] [0,2] [3,4] [5,7] [0,3] [2,5] [2,4] [6,7] [3,4] [3,4] [0,1] [2,6] [5,7] [0,1] [1,3] [6,7] [4,5] [0,1] [3,6] [3,6] [0,1] [3,4] [4,5] [1,6] [2,5] [1,5]
Token 120: [1,2] [1,7] [4,5] [0,1] [0,6] [1,5] [2,7] [0,2] [3,4] [5,7] [1,3] [5,7] [4,7] [6,7] [0,3] [3,4] [0,1] [0,2] [2,6] [2,5] [1,7] [3,6] [3,6] [1,3] [6,7] [0,3] [1,2] [0,2] [0,4] [0,2] [2,6] [0,4]
Token 121: [0,1] [0,6] [0,6] [3,5] [1,5] [2,3] [5,6] [1,6] [0,3] [0,5] [0,5] [4,7] [3,6] [4,7] [0,4] [0,5] [2,5] [2,4] [2,5] [0,3] [2,4] [2,6] [0,7] [2,5] [1,7] [0,3] [2,4] [2,7] [3,7] [2,5] [4,6] [4,6]
Token 122: [3,5] [0,6] [3,7] [6,7] [3,6] [3,7] [1,5] [0,6] [3,5] [5,6] [0,5] [4,7] [3,6] [2,4] [1,5] [0,6] [2,5] [2,4] [5,6] [0,7] [2,4] [5,7] [0,7] [2,5] [1,7] [0,3] [0,4] [2,6] [5,7] [3,5] [1,4] [4,6]
Token 123: [3,7] [0,1] [2,3] [0,5] [1,5] [0,1] [1,4] [0,2] [1,3] [5,6] [4,5] [4,7] [6,7] [2,5] [1,4] [0,6] [4,6] [4,5] [6,7] [0,3] [3,4] [2,6] [5,7] [1,2] [1,7] [0,5] [0,4] [2,6] [0,7] [2,3] [1,7] [4,6]
Token 124: [5,6] [1,4] [5,6] [0,5] [0,7] [2,4] [6,7] [0,6] [1,4] [3,4] [3,5] [6,7] [2,7] [0,5] [2,4] [2,6] [4,6] [1,3] [3,6] [4,5] [3,7] [1,3] [1,5] [2,4] [0,3] [2,7] [0,7] [4,5] [1,2] [4,7] [1,3] [3,6]
Token 125: [0,7] [3,6] [0,5] [5,6] [3,4] [6,7] [4,7] [1,7] [3,4] [4,7] [3,5] [1,7] [4,6] [1,6] [4,7] [0,3] [0,3] [6,7] [0,2] [0,3] [1,5] [1,3] [0,4] [3,4] [2,3] [5,6] [2,3] [5,6] [0,5] [6,7] [1,3] [1,5]
Token 126: [3,7] [2,7] [1,2] [0,4] [2,3] [2,6] [2,7] [5,7] [3,4] [4,7] [2,3] [3,7] [4,7] [1,6] [0,4] [4,7] [1,3] [0,7] [4,5] [5,6] [1,2] [1,4] [1,2] [1,4] [6,7] [2,3] [0,6] [3,4] [0,4] [1,7] [2,6] [3,4]
Token 127: [3,5] [0,3] [2,4] [6,7] [3,7] [1,2] [2,5] [0,1] [3,4] [1,7] [3,4] [0,7] [6,7] [4,6] [5,6] [5,6] [4,7] [5,6] [0,3] [4,5] [1,5] [1,6] [0,1] [2,4] [0,1] [2,3] [3,7] [4,5] [1,2] [4,7] [1,3] [3,6]
