MODEL: mixtral_8x7b
TOKEN_COUNT: 91
ACTIVE_EXPERTS: 2
================================================================================
PROMPT TEXT:
The music was composed by Hitoshi Sakimoto , who had also worked on the previous Valkyria Chronicles games . When he originally heard about the project , he thought it would be a light tone similar to other Valkyria Chronicles games , but found the themes much darker than expected . An early theme he designed around his original vision of the project was rejected . He <unk> the main theme about seven times through the music production due to this need to reassess the game . The main theme was initially recorded using orchestra , then Sakimoto removed elements such as the guitar and bass , then adjusted the theme using a synthesizer before redoing segments such as the guitar piece on their own before incorporating them into the theme . The rejected main theme was used as a hopeful tune that played during the game 's ending . The battle themes were designed around the concept of a " modern battle " divorced from a fantasy scenario by using modern musical instruments , constructed to create a sense of atonality . While Sakimoto was most used to working with synthesized music , he felt that he needed to incorporate live instruments such as orchestra and guitar . The guitar was played by Mitsuhiro Ohta , who also arranged several of the later tracks . The game 's opening theme song , " If You Wish for ... " ( <unk> , <unk> Kimi ga <unk> Nara ) , was sung by Japanese singer May 'n . Its theme was the reason soldiers fought , in particular their wish to protect what was precious to them rather than a sense of responsibility or duty . Its lyrics were written by Seiko Fujibayashi , who had worked on May 'n on previous singles .
================================================================================
GENERATED TEXT:
The song was composed by Yasunori Mitsuda , who had also worked on the previous Valkyria Chronicles games . The song was originally written for the previous game , Valkyria Chronicles III , but was not used . The song was recorded in 2011 , but was not used until the game 's release . The song was released as a single on 20 March 2013 .
================================================================================
EXPERT TRACE (Per token, list of layer expert IDs):
================================================================================
Token   0: [3,5] [0,3] [2,3] [2,3] [5,7] [3,5] [2,6] [0,6] [0,4] [4,7] [0,2] [3,4] [1,3] [2,4] [5,7] [0,3] [1,3] [4,5] [0,2] [1,4] [0,5] [0,1] [4,5] [4,7] [0,5] [1,5] [2,3] [5,6] [1,2] [3,6] [0,1] [3,5]
Token   1: [2,3] [1,2] [1,5] [0,3] [4,7] [1,5] [6,7] [2,7] [0,3] [4,7] [1,3] [4,5] [4,5] [2,7] [1,4] [4,7] [1,6] [0,2] [6,7] [0,3] [2,7] [0,2] [3,4] [1,6] [1,2] [0,5] [4,6] [1,2] [2,7] [1,6] [2,4] [0,6]
Token   2: [0,1] [2,7] [6,7] [3,5] [2,5] [1,2] [2,4] [0,6] [4,5] [4,7] [0,2] [0,6] [3,5] [2,5] [1,4] [2,4] [5,6] [1,4] [5,6] [4,6] [0,4] [2,6] [3,4] [1,3] [2,7] [5,7] [2,4] [2,5] [6,7] [0,2] [1,4] [4,6]
Token   3: [5,6] [1,4] [2,6] [0,6] [4,7] [4,5] [6,7] [6,7] [0,3] [4,7] [5,6] [0,5] [4,5] [5,7] [3,4] [2,7] [1,7] [0,1] [4,7] [2,5] [4,5] [2,6] [0,3] [3,6] [5,6] [4,7] [1,6] [0,3] [0,4] [0,2] [4,6] [0,4]
Token   4: [0,4] [4,5] [5,6] [4,6] [4,7] [0,1] [5,7] [2,6] [0,6] [0,4] [4,7] [0,1] [2,4] [0,4] [1,5] [5,6] [5,7] [1,7] [1,6] [3,7] [2,4] [0,7] [4,6] [3,4] [0,6] [1,7] [1,2] [2,3] [2,5] [4,5] [1,4] [2,7]
Token   5: [5,7] [3,5] [0,3] [1,6] [0,4] [0,1] [3,6] [6,7] [0,2] [2,3] [6,7] [1,2] [2,4] [0,6] [5,6] [5,6] [2,5] [3,6] [4,7] [1,3] [2,5] [2,7] [0,7] [1,2] [5,6] [1,6] [4,5] [1,3] [0,7] [0,6] [3,5] [1,5]
Token   6: [2,3] [2,5] [1,7] [1,7] [0,2] [0,6] [3,6] [6,7] [2,7] [2,3] [6,7] [2,7] [2,4] [0,6] [5,6] [4,5] [1,2] [3,4] [5,7] [5,6] [0,3] [5,6] [2,6] [3,5] [2,6] [2,6] [0,7] [0,4] [2,3] [2,6] [4,5] [1,5]
Token   7: [3,7] [2,4] [2,6] [1,3] [0,3] [0,7] [0,3] [6,7] [2,7] [2,3] [0,4] [3,7] [2,3] [0,1] [2,6] [0,5] [1,2] [3,4] [5,6] [6,7] [0,6] [3,7] [4,7] [3,5] [2,4] [0,5] [5,7] [0,3] [2,3] [0,5] [3,5] [1,5]
Token   8: [2,4] [1,5] [2,4] [0,5] [0,2] [0,1] [0,6] [6,7] [0,2] [2,3] [0,7] [2,7] [0,2] [0,6] [5,6] [4,5] [0,1] [4,6] [0,5] [0,2] [1,6] [3,4] [0,7] [3,6] [2,4] [0,2] [6,7] [0,4] [2,3] [4,5] [2,7] [1,5]
Token   9: [0,1] [0,2] [3,4] [0,1] [0,7] [1,4] [3,6] [6,7] [0,6] [3,7] [1,2] [2,4] [0,4] [1,6] [5,6] [0,5] [2,6] [3,6] [2,4] [1,3] [6,7] [3,4] [0,6] [1,6] [2,3] [2,3] [6,7] [0,7] [1,2] [0,3] [3,4] [1,5]
Token  10: [2,5] [0,5] [1,2] [0,1] [1,7] [0,1] [0,3] [6,7] [2,7] [2,3] [4,5] [2,7] [0,6] [0,1] [2,6] [3,5] [1,2] [3,4] [5,7] [4,6] [1,7] [0,3] [3,6] [1,6] [2,6] [1,2] [4,5] [0,3] [2,3] [2,6] [3,5] [1,5]
Token  11: [3,4] [2,4] [2,6] [0,1] [4,7] [1,5] [0,6] [6,7] [6,7] [1,3] [1,7] [2,5] [0,1] [1,2] [3,6] [0,7] [0,1] [0,5] [2,4] [0,3] [4,7] [3,6] [0,3] [0,6] [2,3] [1,4] [1,6] [0,2] [0,4] [1,2] [2,6] [0,4]
Token  12: [0,1] [0,2] [0,6] [0,3] [3,5] [0,3] [5,6] [6,7] [0,6] [0,3] [0,1] [0,4] [0,3] [2,7] [0,3] [0,5] [2,5] [2,4] [2,5] [0,7] [2,5] [0,3] [0,6] [4,6] [4,7] [1,5] [2,3] [1,7] [3,7] [4,5] [4,6] [4,6]
Token  13: [3,5] [0,3] [2,5] [3,4] [6,7] [1,7] [0,7] [0,2] [0,6] [0,3] [0,2] [1,4] [1,3] [2,7] [1,4] [1,7] [2,6] [2,5] [6,7] [0,7] [2,4] [3,7] [2,7] [4,6] [1,6] [0,5] [4,6] [1,2] [6,7] [2,3] [1,2] [0,6]
Token  14: [2,5] [0,2] [5,6] [4,5] [5,6] [1,2] [1,7] [0,6] [4,6] [0,6] [2,7] [0,6] [1,3] [0,5] [1,7] [2,7] [2,6] [4,7] [3,6] [0,7] [2,4] [3,7] [2,7] [1,2] [1,7] [0,2] [0,4] [2,7] [6,7] [0,2] [1,4] [4,6]
Token  15: [4,5] [2,3] [3,5] [0,5] [1,6] [2,6] [4,6] [0,6] [5,6] [0,1] [2,7] [0,6] [1,5] [5,6] [1,5] [6,7] [4,6] [2,4] [3,6] [0,7] [2,4] [3,7] [2,7] [1,2] [1,7] [0,5] [4,6] [2,7] [6,7] [0,2] [1,4] [4,6]
Token  16: [4,6] [1,4] [5,6] [0,5] [0,6] [2,3] [2,7] [6,7] [0,6] [0,3] [5,7] [0,6] [1,2] [0,5] [3,5] [2,7] [2,6] [0,1] [3,7] [0,6] [2,5] [3,7] [3,7] [3,4] [3,7] [4,7] [1,7] [0,4] [0,4] [0,2] [4,6] [0,4]
Token  17: [3,4] [4,5] [0,2] [0,5] [6,7] [1,7] [2,7] [1,6] [5,6] [0,3] [4,7] [0,1] [1,2] [0,4] [1,5] [5,6] [5,6] [1,5] [1,3] [4,7] [5,6] [2,3] [0,5] [0,3] [0,3] [0,5] [3,7] [1,7] [3,5] [4,5] [1,4] [2,7]
Token  18: [5,7] [3,4] [1,5] [1,5] [3,6] [6,7] [2,7] [6,7] [4,6] [0,4] [3,7] [0,1] [1,5] [0,6] [5,7] [0,3] [3,4] [0,5] [0,2] [1,4] [1,5] [0,2] [0,5] [4,7] [0,3] [1,2] [2,3] [5,7] [1,2] [3,6] [1,7] [3,7]
Token  19: [2,5] [1,3] [0,3] [2,7] [5,6] [1,3] [2,7] [5,6] [1,6] [1,5] [2,3] [1,2] [1,5] [0,6] [5,6] [1,7] [0,4] [5,6] [0,3] [1,4] [1,5] [0,4] [0,5] [0,4] [0,5] [2,6] [0,3] [5,7] [1,2] [6,7] [1,7] [3,7]
Token  20: [0,2] [4,5] [0,3] [1,6] [3,6] [1,4] [5,7] [2,6] [5,6] [0,4] [1,3] [2,4] [0,4] [2,7] [5,7] [0,5] [5,7] [6,7] [1,6] [2,7] [5,6] [1,7] [0,6] [1,3] [0,6] [2,7] [1,5] [2,7] [3,5] [0,1] [3,5] [1,5]
Token  21: [2,3] [4,5] [1,3] [1,6] [0,2] [0,1] [1,3] [2,5] [2,6] [0,6] [0,7] [2,7] [0,4] [0,1] [2,6] [0,5] [0,2] [3,6] [5,7] [0,1] [2,7] [1,4] [0,7] [4,7] [0,5] [0,4] [0,7] [4,5] [5,7] [0,2] [3,5] [1,5]
Token  22: [2,5] [4,6] [1,2] [1,7] [2,7] [0,2] [1,3] [0,5] [2,7] [2,6] [0,1] [5,7] [0,4] [0,1] [6,7] [0,5] [5,7] [2,6] [0,1] [4,6] [3,4] [1,6] [0,1] [2,3] [5,6] [0,7] [3,5] [0,2] [3,6] [0,1] [3,5] [1,5]
Token  23: [0,2] [0,7] [0,5] [1,3] [2,7] [0,7] [3,5] [2,6] [1,6] [1,6] [2,7] [1,7] [0,5] [0,1] [5,6] [0,7] [0,1] [2,5] [4,5] [0,2] [3,4] [1,4] [0,5] [2,3] [5,6] [0,7] [1,5] [2,6] [0,4] [1,7] [2,7] [2,7]
Token  24: [1,2] [0,3] [4,6] [1,7] [2,3] [4,7] [1,2] [2,6] [3,6] [0,6] [0,3] [1,4] [4,6] [0,7] [5,7] [0,5] [5,7] [6,7] [0,1] [4,7] [3,4] [1,6] [0,6] [2,3] [5,6] [4,7] [3,5] [0,2] [3,6] [0,1] [3,5] [1,5]
Token  25: [2,5] [0,7] [4,5] [0,7] [1,3] [5,6] [5,7] [2,6] [5,6] [0,6] [1,7] [2,5] [0,5] [2,7] [3,5] [1,7] [0,4] [0,5] [2,4] [1,4] [1,5] [1,4] [0,5] [0,3] [0,5] [1,2] [3,5] [5,7] [2,4] [1,7] [2,7] [3,6]
Token  26: [1,4] [0,7] [1,5] [5,6] [1,2] [1,4] [5,7] [2,6] [4,5] [0,5] [1,3] [4,5] [0,1] [2,7] [0,3] [0,7] [0,7] [0,2] [2,7] [2,5] [3,7] [2,3] [3,6] [1,6] [5,6] [4,6] [1,6] [0,2] [1,4] [1,2] [2,6] [0,4]
Token  27: [0,7] [0,6] [0,7] [3,5] [1,5] [2,3] [5,6] [5,6] [0,5] [4,5] [0,2] [2,4] [1,3] [2,4] [0,4] [0,2] [5,6] [2,4] [0,1] [5,7] [0,4] [2,5] [4,6] [3,4] [4,5] [1,2] [2,5] [1,7] [3,7] [4,5] [0,4] [2,7]
Token  28: [3,5] [0,3] [2,7] [2,3] [5,7] [3,5] [2,6] [0,7] [0,4] [4,7] [0,2] [1,4] [1,3] [2,5] [5,7] [0,3] [1,3] [4,5] [0,2] [1,4] [0,5] [0,1] [3,5] [4,7] [0,5] [1,5] [2,3] [5,6] [1,2] [3,6] [0,1] [3,5]
Token  29: [2,3] [1,2] [1,5] [0,3] [4,7] [1,5] [6,7] [2,7] [0,3] [4,7] [1,3] [4,5] [4,5] [2,7] [1,4] [4,7] [1,6] [0,2] [6,7] [0,3] [2,7] [0,2] [3,4] [1,6] [1,2] [0,5] [4,6] [2,6] [2,7] [1,6] [2,4] [0,6]
Token  30: [0,1] [2,7] [6,7] [3,5] [2,5] [1,2] [2,4] [0,6] [4,5] [4,7] [0,2] [0,6] [3,5] [2,5] [1,4] [2,4] [5,6] [1,4] [5,6] [4,6] [0,4] [2,6] [3,7] [1,3] [2,7] [5,7] [2,4] [2,5] [6,7] [0,2] [1,4] [4,6]
Token  31: [4,6] [2,4] [1,2] [6,7] [5,6] [2,7] [1,7] [6,7] [3,6] [0,4] [2,5] [2,6] [1,3] [3,5] [4,7] [2,7] [4,7] [1,4] [5,6] [4,6] [0,4] [3,6] [3,7] [1,3] [0,2] [5,7] [2,4] [2,5] [6,7] [0,2] [1,4] [4,6]
Token  32: [4,6] [1,4] [2,6] [0,6] [4,7] [3,4] [6,7] [6,7] [0,3] [4,7] [5,6] [0,6] [2,4] [5,7] [3,4] [2,4] [2,7] [0,1] [4,7] [2,5] [4,5] [2,6] [0,3] [1,3] [3,5] [4,7] [1,6] [0,3] [0,4] [0,2] [2,6] [0,4]
Token  33: [4,6] [0,4] [1,3] [4,5] [2,7] [1,3] [1,7] [1,7] [0,5] [3,4] [4,7] [0,1] [1,2] [0,4] [1,5] [2,6] [6,7] [1,6] [1,6] [4,7] [5,6] [1,6] [0,5] [3,4] [3,5] [0,5] [0,3] [3,7] [2,5] [4,5] [0,4] [2,7]
Token  34: [5,7] [3,7] [3,5] [2,7] [3,6] [5,6] [0,7] [1,7] [3,4] [4,5] [3,7] [0,1] [1,2] [0,6] [5,7] [0,3] [0,3] [0,5] [0,2] [1,4] [1,5] [0,1] [0,5] [0,7] [0,2] [1,5] [3,5] [5,6] [1,2] [3,6] [0,1] [3,7]
Token  35: [2,7] [1,3] [0,3] [2,7] [5,6] [1,3] [2,7] [3,5] [1,6] [0,5] [2,3] [1,2] [1,2] [1,6] [5,6] [1,7] [0,4] [5,6] [0,3] [1,4] [1,5] [0,4] [0,5] [0,1] [0,5] [2,6] [2,3] [5,7] [1,2] [6,7] [1,7] [3,7]
Token  36: [2,6] [4,7] [1,5] [3,5] [1,2] [1,4] [5,7] [2,6] [4,5] [0,7] [1,3] [2,5] [0,4] [2,7] [0,3] [4,7] [0,7] [0,2] [2,4] [2,3] [6,7] [3,4] [3,6] [1,6] [5,7] [4,5] [3,4] [2,7] [4,5] [1,5] [2,6] [0,2]
Token  37: [0,1] [6,7] [0,5] [3,5] [1,5] [0,3] [5,7] [5,6] [2,5] [3,5] [0,7] [1,4] [1,3] [4,7] [0,4] [0,5] [2,5] [2,4] [1,5] [4,7] [3,6] [1,7] [0,5] [3,4] [5,6] [0,5] [3,5] [1,7] [2,3] [4,5] [4,7] [2,7]
Token  38: [3,5] [3,5] [0,3] [1,2] [5,6] [0,4] [3,7] [2,5] [2,5] [0,5] [2,7] [1,2] [1,2] [0,3] [4,5] [5,6] [0,5] [3,7] [0,5] [1,3] [3,5] [1,4] [0,2] [3,6] [0,5] [1,2] [3,4] [2,5] [2,6] [0,3] [3,5] [1,5]
Token  39: [2,3] [4,5] [1,3] [1,6] [0,4] [0,1] [1,3] [2,5] [2,5] [0,6] [3,7] [2,4] [0,4] [0,7] [5,6] [1,5] [0,2] [3,6] [5,7] [0,1] [2,7] [1,4] [0,7] [4,7] [0,5] [0,4] [0,7] [4,7] [5,7] [0,2] [3,5] [1,5]
Token  40: [2,5] [4,6] [1,2] [1,7] [2,7] [0,2] [1,3] [0,5] [2,7] [2,6] [0,7] [5,7] [0,3] [0,1] [2,6] [0,5] [1,2] [3,6] [5,7] [0,7] [6,7] [1,3] [0,5] [2,3] [5,6] [0,2] [5,7] [4,5] [5,7] [0,2] [3,5] [1,5]
Token  41: [0,2] [0,7] [0,5] [1,3] [2,6] [0,7] [3,5] [2,6] [1,2] [1,6] [4,7] [1,7] [0,5] [0,4] [5,6] [5,7] [0,1] [2,5] [4,5] [2,7] [3,4] [1,4] [0,5] [2,3] [5,6] [0,7] [1,5] [6,7] [0,4] [2,7] [2,7] [2,7]
Token  42: [1,2] [0,3] [4,6] [0,1] [2,3] [4,7] [1,2] [2,6] [1,6] [4,6] [0,3] [2,4] [0,4] [0,7] [5,7] [0,5] [0,1] [3,6] [1,5] [0,1] [3,4] [1,6] [0,1] [1,3] [5,6] [1,7] [3,5] [2,6] [2,5] [2,7] [3,5] [1,5]
Token  43: [2,5] [0,7] [4,7] [0,7] [1,3] [0,6] [5,7] [2,6] [5,6] [0,6] [1,7] [2,5] [0,1] [1,2] [5,6] [1,7] [0,7] [0,5] [4,7] [5,7] [3,4] [1,7] [0,5] [0,3] [5,6] [2,7] [1,5] [2,3] [3,4] [1,7] [2,7] [0,2]
Token  44: [1,4] [0,2] [2,6] [1,2] [2,6] [6,7] [5,6] [5,6] [0,1] [5,6] [1,2] [1,5] [0,1] [1,7] [3,6] [1,7] [0,4] [0,5] [4,7] [0,5] [4,7] [3,4] [0,4] [0,6] [0,5] [1,4] [1,6] [0,2] [1,4] [1,7] [2,6] [0,4]
Token  45: [0,1] [0,6] [0,6] [0,3] [1,5] [2,3] [5,7] [2,6] [2,5] [0,5] [1,3] [4,5] [0,1] [2,7] [0,3] [0,7] [2,5] [2,4] [2,5] [2,3] [2,6] [2,3] [3,6] [1,6] [4,5] [1,5] [2,4] [1,7] [3,7] [1,5] [4,6] [4,6]
Token  46: [3,5] [0,3] [3,7] [4,6] [3,7] [3,7] [1,6] [5,6] [2,5] [4,5] [0,7] [1,4] [2,3] [4,7] [0,1] [2,6] [4,5] [2,4] [1,6] [2,7] [2,6] [2,5] [3,4] [1,5] [1,4] [0,7] [4,7] [2,4] [2,7] [4,5] [0,4] [6,7]
Token  47: [3,6] [0,3] [6,7] [2,5] [2,5] [1,6] [1,4] [0,6] [3,4] [1,7] [2,5] [0,6] [1,3] [5,7] [1,4] [2,4] [5,7] [1,4] [5,6] [0,6] [0,4] [2,6] [3,7] [1,5] [2,3] [0,7] [2,4] [2,5] [6,7] [0,2] [1,4] [4,6]
Token  48: [4,6] [0,2] [2,4] [1,4] [2,5] [2,6] [1,4] [0,6] [1,4] [3,5] [5,6] [0,6] [1,3] [3,5] [1,7] [2,7] [4,7] [3,4] [3,6] [0,6] [0,4] [6,7] [3,7] [1,7] [0,6] [5,7] [2,7] [2,5] [6,7] [0,2] [1,4] [4,6]
Token  49: [4,6] [3,4] [2,6] [0,6] [2,6] [3,4] [2,7] [6,7] [0,6] [1,3] [5,6] [0,6] [1,2] [5,7] [0,3] [2,4] [3,7] [0,1] [2,4] [2,5] [6,7] [2,6] [3,6] [3,6] [3,5] [4,7] [1,6] [0,3] [0,4] [0,2] [2,6] [0,4]
Token  50: [0,7] [6,7] [0,7] [3,5] [1,5] [2,3] [5,6] [5,6] [2,5] [5,6] [0,7] [1,4] [1,3] [4,7] [0,4] [0,2] [5,6] [1,4] [0,1] [5,7] [4,6] [2,5] [5,6] [3,4] [4,5] [1,2] [5,7] [1,7] [1,3] [4,5] [0,4] [2,7]
Token  51: [3,5] [0,3] [2,6] [2,3] [6,7] [5,6] [2,6] [0,6] [0,4] [4,7] [0,2] [1,4] [3,4] [2,4] [4,7] [0,3] [3,5] [0,5] [0,2] [1,4] [0,5] [0,1] [3,5] [4,7] [0,5] [1,5] [2,3] [5,6] [1,2] [3,6] [0,1] [3,5]
Token  52: [2,3] [1,2] [1,5] [0,3] [4,7] [1,5] [6,7] [2,7] [0,3] [4,7] [1,3] [4,5] [4,5] [2,7] [1,4] [4,7] [1,6] [0,2] [6,7] [0,3] [2,7] [0,2] [3,4] [1,6] [1,2] [0,5] [4,6] [2,6] [2,7] [1,6] [2,4] [0,6]
Token  53: [0,1] [2,7] [6,7] [3,5] [2,5] [1,2] [2,4] [0,6] [4,5] [4,7] [0,2] [0,6] [3,5] [2,5] [1,4] [2,4] [5,6] [1,4] [5,6] [0,6] [0,4] [2,6] [3,7] [1,3] [2,7] [5,7] [2,4] [2,5] [6,7] [0,2] [1,4] [4,6]
Token  54: [6,7] [1,4] [2,6] [0,6] [4,6] [1,4] [5,7] [0,7] [3,7] [3,7] [2,5] [0,5] [2,4] [5,7] [3,4] [2,4] [1,7] [0,1] [2,7] [2,5] [5,6] [2,6] [3,6] [1,3] [3,5] [4,7] [1,6] [0,3] [0,4] [0,2] [4,6] [0,4]
Token  55: [4,7] [4,5] [2,3] [4,7] [2,7] [0,4] [0,7] [0,7] [4,7] [3,7] [4,7] [0,1] [1,2] [0,4] [1,4] [5,6] [5,7] [1,5] [1,6] [2,6] [4,5] [1,6] [1,5] [1,2] [0,7] [0,5] [0,5] [4,7] [2,5] [3,4] [3,4] [2,7]
Token  56: [0,5] [5,7] [0,4] [6,7] [2,3] [2,3] [2,7] [2,7] [3,7] [3,7] [0,7] [1,4] [2,3] [0,3] [4,6] [1,5] [6,7] [5,7] [1,7] [3,5] [2,6] [0,6] [1,7] [1,7] [0,1] [0,6] [2,3] [1,6] [0,3] [3,7] [3,7] [2,7]
Token  57: [2,5] [2,7] [1,3] [2,3] [6,7] [1,6] [0,1] [4,7] [1,7] [4,7] [2,4] [2,3] [1,3] [1,2] [2,7] [2,3] [3,7] [3,7] [1,6] [0,1] [2,6] [3,7] [1,2] [0,2] [1,3] [6,7] [0,2] [1,3] [3,6] [1,7] [5,7] [2,7]
Token  58: [6,7] [0,5] [3,4] [6,7] [0,2] [3,5] [5,7] [2,5] [1,7] [3,7] [2,7] [0,7] [1,5] [0,3] [4,5] [2,4] [0,5] [5,7] [1,7] [2,3] [1,2] [0,7] [0,2] [3,4] [1,5] [5,7] [1,2] [0,2] [0,6] [2,7] [5,7] [2,7]
Token  59: [0,4] [2,4] [0,3] [5,6] [1,6] [2,7] [2,7] [2,7] [1,2] [4,6] [2,7] [2,4] [0,1] [0,4] [4,5] [2,4] [0,5] [3,6] [0,7] [1,7] [1,2] [6,7] [0,2] [3,4] [1,5] [4,7] [1,5] [0,2] [0,6] [6,7] [5,7] [0,7]
Token  60: [4,7] [4,5] [0,2] [4,6] [1,6] [2,6] [5,7] [5,6] [1,6] [3,4] [1,2] [2,7] [0,1] [3,7] [0,3] [1,7] [3,4] [0,5] [2,7] [2,5] [3,6] [2,6] [3,6] [5,6] [5,6] [1,4] [1,6] [0,2] [0,4] [2,7] [2,6] [0,4]
Token  61: [0,4] [0,6] [0,6] [3,5] [1,5] [2,3] [5,7] [5,7] [1,7] [3,7] [0,5] [0,4] [3,5] [4,7] [0,4] [0,5] [2,5] [2,4] [2,5] [2,6] [2,6] [2,6] [3,6] [1,6] [4,5] [0,5] [2,4] [2,7] [3,7] [2,5] [4,6] [4,6]
Token  62: [3,5] [0,6] [3,7] [4,6] [3,7] [3,7] [1,5] [5,6] [5,7] [3,7] [0,5] [4,7] [3,5] [4,6] [0,4] [2,6] [5,7] [3,4] [3,6] [0,7] [2,6] [2,5] [3,4] [1,5] [1,4] [0,7] [4,7] [2,4] [2,7] [4,5] [0,4] [6,7]
Token  63: [3,6] [0,3] [6,7] [2,5] [2,5] [1,6] [1,4] [0,6] [4,7] [1,7] [2,5] [0,6] [1,3] [3,5] [1,4] [2,4] [5,7] [1,4] [5,6] [0,6] [0,4] [2,6] [3,7] [1,5] [2,3] [0,7] [2,4] [2,5] [6,7] [0,2] [1,4] [4,6]
Token  64: [4,6] [0,2] [2,4] [1,4] [1,5] [2,6] [1,4] [0,6] [1,7] [3,5] [2,5] [0,6] [2,3] [3,5] [1,7] [2,6] [4,7] [1,3] [3,6] [0,6] [0,4] [6,7] [3,7] [1,3] [0,2] [5,7] [2,7] [2,5] [6,7] [0,2] [1,4] [4,6]
Token  65: [4,6] [3,4] [2,6] [0,6] [2,6] [3,4] [2,7] [6,7] [0,1] [1,3] [5,6] [0,6] [2,5] [4,5] [0,3] [2,4] [3,7] [0,1] [2,4] [2,5] [6,7] [2,6] [3,6] [3,7] [3,5] [4,7] [1,6] [0,3] [0,4] [0,2] [2,6] [0,4]
Token  66: [0,7] [5,6] [0,3] [2,5] [1,7] [1,7] [4,5] [6,7] [1,7] [3,4] [4,5] [1,4] [1,5] [3,4] [1,4] [2,6] [5,6] [1,5] [1,6] [4,7] [3,6] [4,6] [0,5] [2,3] [5,7] [0,5] [0,7] [3,4] [4,7] [3,4] [4,7] [2,7]
Token  67: [5,6] [0,3] [5,7] [2,7] [3,6] [5,6] [4,7] [5,7] [1,4] [3,5] [3,7] [0,1] [2,6] [0,6] [1,7] [0,3] [3,6] [0,5] [0,2] [1,4] [1,5] [0,7] [0,5] [4,7] [0,2] [1,5] [2,3] [5,6] [1,2] [3,6] [0,1] [3,5]
Token  68: [2,7] [1,2] [1,5] [3,5] [1,2] [1,4] [5,7] [2,6] [0,4] [4,7] [1,3] [2,4] [0,4] [2,7] [3,4] [4,7] [0,6] [0,2] [6,7] [0,3] [4,7] [0,2] [3,4] [1,6] [1,7] [4,6] [4,6] [0,2] [4,7] [1,6] [2,6] [0,6]
Token  69: [0,1] [4,5] [0,5] [2,3] [3,5] [2,7] [1,3] [4,7] [1,7] [5,7] [0,2] [2,3] [6,7] [1,3] [2,7] [0,2] [3,4] [3,7] [1,7] [0,6] [2,6] [5,7] [2,3] [2,6] [2,7] [4,6] [0,3] [1,4] [3,5] [0,7] [5,7] [1,5]
Token  70: [2,6] [2,6] [0,1] [1,2] [5,6] [0,6] [2,4] [0,7] [1,7] [0,4] [3,7] [0,1] [2,6] [5,6] [4,7] [2,4] [3,6] [2,5] [0,2] [0,4] [4,5] [0,7] [0,5] [1,4] [0,2] [1,5] [2,3] [5,7] [1,7] [3,6] [1,7] [3,5]
Token  71: [2,4] [2,4] [1,5] [0,7] [4,6] [0,2] [5,7] [6,7] [1,7] [3,4] [3,5] [0,4] [0,5] [5,7] [0,3] [2,4] [0,7] [0,1] [2,7] [2,5] [3,6] [2,6] [3,6] [3,6] [0,5] [4,6] [1,6] [0,3] [4,5] [1,2] [2,6] [0,4]
Token  72: [0,7] [6,7] [0,7] [3,5] [1,5] [2,3] [5,6] [5,6] [0,5] [4,6] [0,7] [4,7] [1,3] [2,4] [0,4] [0,4] [5,6] [4,7] [0,1] [5,7] [2,4] [2,5] [5,6] [3,7] [4,5] [1,2] [2,5] [1,7] [1,3] [4,5] [0,4] [2,7]
Token  73: [3,5] [0,3] [2,7] [2,3] [0,7] [5,6] [2,6] [0,7] [0,4] [4,7] [0,2] [1,4] [1,3] [2,4] [5,7] [0,3] [3,5] [0,5] [0,2] [1,4] [1,5] [0,1] [3,5] [4,7] [0,5] [1,5] [2,3] [5,6] [1,2] [3,6] [0,1] [3,5]
Token  74: [2,3] [1,2] [4,5] [0,3] [4,7] [1,5] [6,7] [2,7] [0,3] [1,7] [1,3] [4,5] [4,5] [2,7] [1,4] [4,7] [1,6] [0,2] [6,7] [0,3] [2,7] [0,2] [3,4] [1,6] [1,2] [0,5] [4,6] [2,3] [2,7] [1,6] [2,4] [0,6]
Token  75: [0,1] [2,7] [6,7] [3,5] [2,5] [1,2] [2,4] [0,6] [4,5] [4,7] [0,2] [0,6] [3,5] [2,5] [1,4] [2,4] [5,6] [1,4] [5,6] [4,6] [0,4] [2,6] [3,6] [1,3] [2,6] [5,7] [2,4] [2,5] [6,7] [0,2] [1,4] [4,6]
Token  76: [6,7] [3,4] [2,6] [0,5] [4,6] [0,2] [2,7] [2,7] [1,4] [3,4] [3,5] [0,6] [2,4] [5,7] [3,4] [2,3] [6,7] [0,1] [2,4] [4,5] [4,6] [2,6] [3,6] [2,3] [0,5] [4,7] [1,6] [0,3] [0,4] [0,2] [2,6] [0,4]
Token  77: [0,7] [6,7] [2,3] [4,5] [2,4] [4,5] [3,7] [4,7] [4,7] [3,5] [4,7] [0,1] [1,2] [4,7] [1,5] [1,2] [6,7] [1,7] [3,5] [4,6] [0,6] [2,6] [3,4] [3,7] [0,2] [1,2] [0,5] [4,5] [2,3] [4,7] [1,4] [3,6]
Token  78: [6,7] [3,4] [1,3] [4,5] [2,3] [3,5] [0,7] [4,7] [3,4] [1,5] [3,7] [0,1] [2,4] [4,6] [4,7] [3,4] [0,7] [6,7] [0,2] [1,4] [0,5] [1,2] [3,4] [0,7] [0,2] [1,2] [3,5] [3,5] [0,3] [6,7] [0,1] [1,3]
Token  79: [3,7] [3,4] [0,1] [4,5] [4,6] [1,5] [2,7] [2,7] [2,4] [4,5] [1,3] [5,7] [2,4] [2,7] [3,4] [3,7] [0,7] [0,1] [2,4] [2,5] [1,6] [2,6] [3,6] [1,6] [1,5] [2,7] [1,6] [0,2] [0,4] [0,1] [2,6] [0,4]
Token  80: [1,3] [2,6] [3,5] [4,5] [2,6] [1,7] [0,7] [1,7] [0,5] [3,5] [4,7] [0,1] [2,5] [0,3] [4,5] [2,3] [5,6] [5,7] [1,6] [1,6] [4,6] [6,7] [1,6] [2,7] [5,6] [3,5] [2,3] [4,7] [0,6] [3,5] [5,7] [2,7]
Token  81: [5,7] [5,7] [0,4] [4,7] [0,3] [4,5] [1,4] [0,7] [1,7] [3,4] [4,7] [1,7] [2,5] [0,3] [4,5] [2,4] [5,6] [4,5] [2,7] [1,3] [0,2] [4,7] [1,2] [2,7] [1,6] [3,5] [0,3] [6,7] [0,6] [2,7] [5,7] [2,7]
Token  82: [2,5] [4,7] [0,4] [1,4] [4,7] [1,4] [2,5] [2,7] [0,3] [1,7] [0,1] [4,5] [3,4] [2,7] [4,7] [0,4] [5,6] [3,6] [4,7] [1,3] [0,2] [2,7] [1,2] [3,4] [1,4] [0,3] [2,3] [1,2] [0,6] [2,7] [5,7] [2,7]
Token  83: [6,7] [4,7] [0,4] [1,7] [2,6] [0,5] [2,5] [5,6] [1,7] [1,3] [2,7] [2,7] [2,5] [0,3] [4,6] [2,4] [4,5] [5,7] [1,7] [1,5] [2,4] [4,7] [1,3] [2,4] [1,5] [3,5] [0,2] [4,7] [0,6] [3,7] [5,7] [2,7]
Token  84: [2,4] [4,6] [2,5] [6,7] [0,7] [2,6] [1,5] [5,6] [1,7] [3,4] [1,2] [2,7] [0,5] [3,7] [0,3] [0,2] [0,4] [5,7] [2,7] [1,5] [4,6] [4,6] [0,3] [2,6] [0,1] [1,6] [1,2] [0,3] [0,4] [1,7] [6,7] [0,4]
Token  85: [1,2] [1,6] [4,5] [5,7] [0,2] [2,5] [2,6] [2,7] [0,4] [4,7] [0,1] [2,4] [2,3] [2,4] [4,5] [4,5] [5,7] [4,7] [0,3] [4,5] [2,4] [0,1] [0,5] [2,7] [2,5] [1,2] [0,5] [1,7] [0,3] [1,3] [5,7] [2,7]
Token  86: [1,2] [2,6] [1,3] [2,3] [6,7] [1,4] [1,2] [4,7] [2,7] [3,4] [0,6] [2,3] [4,6] [0,2] [2,7] [5,7] [2,3] [4,6] [3,4] [0,6] [1,2] [3,7] [4,7] [3,5] [3,4] [2,6] [0,3] [1,3] [3,5] [0,1] [5,7] [2,7]
Token  87: [6,7] [5,6] [3,4] [0,1] [0,2] [5,6] [1,5] [2,5] [1,7] [3,4] [2,7] [0,7] [1,5] [0,3] [4,5] [2,4] [0,5] [5,7] [1,7] [1,3] [1,2] [0,7] [2,3] [3,4] [1,5] [3,5] [1,2] [0,2] [0,6] [2,7] [5,7] [2,7]
Token  88: [0,4] [2,4] [1,3] [5,6] [0,1] [2,7] [2,7] [2,5] [1,2] [4,6] [0,3] [2,4] [0,3] [0,7] [4,5] [0,2] [5,7] [6,7] [0,7] [1,7] [1,2] [6,7] [0,2] [3,4] [1,5] [4,7] [1,5] [0,2] [2,6] [0,7] [5,7] [1,5]
Token  89: [4,7] [4,5] [0,2] [1,6] [1,6] [2,7] [5,7] [5,6] [1,6] [3,4] [1,2] [2,7] [0,1] [2,7] [0,3] [0,1] [3,4] [0,5] [2,7] [2,5] [3,6] [2,6] [3,6] [5,6] [6,7] [1,4] [1,6] [0,3] [0,4] [1,2] [2,6] [0,4]
Token  90: [4,7] [0,6] [0,7] [3,5] [1,5] [2,3] [5,6] [5,6] [4,5] [4,6] [0,7] [2,4] [3,7] [2,4] [0,4] [2,4] [5,6] [4,7] [0,3] [5,7] [2,4] [2,5] [4,5] [2,3] [4,5] [1,2] [2,5] [1,7] [1,3] [4,5] [0,4] [2,5]
