MODEL: mixtral_8x7b
TOKEN_COUNT: 128
ACTIVE_EXPERTS: 2
================================================================================
PROMPT TEXT:
The game 's battle system , the <unk> system , is carried over directly from <unk> Chronicles . During missions , players select each unit using a top @-@ down perspective of the battlefield map : once a character is selected , the player moves the character around the battlefield in third @-@ person . A character can only act once per @-@ turn , but characters can be granted multiple turns at the expense of other characters ' turns . Each character has a field and distance of movement limited by their Action Gauge . Up to nine characters can be assigned to a single mission . During gameplay , characters will call out if something happens to them , such as their health points ( HP ) getting low or being knocked out by enemy attacks . Each character has specific " Potentials " , skills unique to each character . They are divided into " Personal Potential " , which are innate skills that remain unaltered unless otherwise dictated by the story and can either help or impede a character , and " Battle Potentials " , which are grown throughout the game and always grant boons to a character . To learn Battle Potentials , each character has a unique " Masters Table " , a grid @-@ based skill table that can be used to acquire and link different skills . Characters also have Special Abilities that grant them temporary boosts on the battlefield : Kurt can activate " Direct Command " and move around the battlefield without depleting his Action Point gauge , the character <unk> can shift into her " Valkyria Form " and become invincible , while Imca can target multiple enemy units with her heavy weapon .
================================================================================
GENERATED TEXT:


The game 's battle system , the ент  system , is carried over directly from ент Chronicles . During missions , players select each unit using a top @-@ down perspective of the battlefield map : once a character is selected , the player moves the character around the battlefield in third @-@ person . A character can only act once per @-@ turn , but characters can be granted multiple turns at the expense of other characters ' turns . Each character has a field and distance of movement limited by their Action Gauge . Up to nine characters can be assigned to a single mission . During gameplay , characters
================================================================================
EXPERT TRACE (Per token, list of layer expert IDs):
================================================================================
Token   0: [0,7] [2,3] [0,2] [4,5] [4,5] [0,6] [1,4] [0,2] [1,6] [3,7] [2,4] [3,5] [2,6] [0,4] [2,6] [3,7] [3,7] [4,6] [0,7] [1,6] [3,6] [6,7] [2,3] [1,3] [2,7] [2,7] [0,7] [1,4] [2,5] [0,3] [3,5] [3,6]
Token   1: [5,6] [1,6] [3,6] [3,4] [6,7] [3,6] [0,1] [1,6] [1,7] [4,7] [0,4] [2,3] [1,3] [2,4] [4,7] [2,4] [5,7] [3,7] [1,4] [1,5] [2,4] [2,5] [2,4] [3,6] [1,7] [1,4] [0,5] [1,7] [0,3] [3,5] [0,4] [2,7]
Token   2: [5,6] [0,7] [2,3] [0,3] [6,7] [5,6] [2,6] [0,6] [4,6] [4,6] [0,2] [1,4] [3,6] [2,4] [4,7] [0,5] [3,7] [5,6] [0,2] [1,4] [4,5] [0,1] [0,5] [3,7] [0,5] [1,7] [3,5] [2,6] [1,2] [3,6] [0,1] [5,7]
Token   3: [2,7] [2,3] [5,7] [3,5] [2,7] [1,4] [5,7] [2,6] [0,4] [4,7] [1,3] [2,4] [4,5] [2,7] [1,4] [4,7] [0,2] [2,5] [6,7] [0,3] [2,7] [0,5] [4,5] [1,6] [1,7] [0,5] [4,6] [1,2] [6,7] [1,6] [2,7] [0,6]
Token   4: [0,1] [1,5] [0,5] [2,3] [3,5] [0,7] [1,3] [4,7] [1,7] [5,7] [0,2] [2,3] [3,6] [1,3] [2,7] [0,2] [3,4] [3,7] [1,7] [0,6] [2,6] [3,5] [2,3] [2,6] [1,2] [6,7] [0,2] [1,4] [3,5] [0,7] [5,7] [1,5]
Token   5: [2,6] [2,6] [0,1] [1,2] [5,6] [0,6] [2,7] [0,7] [4,6] [4,7] [0,2] [0,2] [5,6] [3,5] [5,7] [4,5] [3,7] [4,5] [0,2] [1,4] [4,5] [0,1] [0,5] [3,7] [0,5] [1,7] [3,5] [2,6] [1,2] [3,6] [0,1] [3,5]
Token   6: [2,4] [2,4] [0,1] [1,6] [4,5] [1,4] [2,5] [0,5] [3,4] [5,7] [0,3] [2,5] [2,4] [6,7] [4,5] [2,4] [0,1] [2,5] [5,7] [1,7] [1,4] [6,7] [4,5] [3,7] [1,6] [3,6] [1,7] [4,6] [0,5] [1,6] [0,2] [1,5]
Token   7: [1,7] [1,3] [2,4] [1,6] [2,7] [1,4] [2,5] [0,6] [0,6] [5,7] [1,3] [5,6] [4,5] [2,7] [1,4] [4,7] [0,1] [0,2] [2,7] [0,3] [2,7] [0,3] [3,4] [1,6] [1,2] [0,5] [4,6] [0,2] [4,7] [1,6] [2,4] [0,4]
Token   8: [0,1] [0,6] [0,6] [3,5] [1,5] [0,1] [2,7] [5,6] [5,6] [0,5] [0,2] [1,2] [3,5] [0,1] [0,2] [0,5] [2,4] [2,4] [2,5] [2,7] [2,6] [2,3] [3,6] [6,7] [2,4] [1,5] [2,5] [1,7] [3,7] [4,5] [4,6] [4,6]
Token   9: [3,5] [0,6] [1,6] [2,5] [3,6] [5,6] [3,7] [0,5] [2,6] [0,5] [2,4] [1,2] [3,5] [0,1] [1,5] [5,6] [3,4] [5,7] [0,2] [4,6] [3,4] [1,6] [0,7] [3,7] [1,5] [5,7] [3,5] [2,6] [0,2] [3,6] [1,7] [5,7]
Token  10: [2,6] [1,2] [0,7] [4,5] [3,7] [0,4] [0,3] [5,7] [1,2] [2,5] [0,2] [1,2] [3,6] [0,3] [2,6] [1,3] [2,4] [3,7] [1,5] [0,5] [0,6] [0,7] [1,6] [1,7] [2,7] [6,7] [0,5] [1,7] [3,6] [0,7] [3,5] [2,5]
Token  11: [2,3] [1,7] [0,3] [2,4] [4,5] [1,7] [0,3] [0,5] [1,2] [2,5] [0,2] [2,7] [6,7] [1,3] [2,6] [0,3] [2,4] [3,6] [1,7] [3,6] [1,2] [2,7] [3,7] [2,4] [3,6] [3,4] [2,6] [0,4] [2,7] [0,2] [5,7] [1,5]
Token  12: [0,1] [2,4] [0,7] [2,5] [3,7] [1,2] [0,3] [4,5] [1,7] [1,2] [0,2] [0,3] [3,6] [1,3] [0,2] [0,5] [4,7] [5,6] [3,7] [2,3] [0,6] [3,7] [4,7] [0,7] [2,6] [1,6] [0,5] [1,6] [0,3] [1,7] [4,5] [1,5]
Token  13: [3,5] [2,4] [1,6] [4,6] [0,2] [1,5] [2,7] [5,7] [2,6] [1,5] [1,5] [2,5] [0,4] [1,6] [0,3] [0,7] [1,7] [0,5] [2,7] [3,5] [4,7] [0,3] [3,4] [1,6] [5,6] [4,7] [1,6] [0,2] [1,4] [1,2] [4,6] [0,4]
Token  14: [0,1] [0,6] [0,7] [3,4] [3,5] [1,3] [6,7] [5,6] [5,6] [0,5] [0,2] [1,2] [3,5] [0,1] [0,2] [2,5] [4,7] [2,4] [6,7] [0,3] [2,4] [2,3] [3,4] [1,6] [1,2] [0,1] [4,6] [2,7] [2,7] [1,6] [2,4] [4,6]
Token  15: [3,5] [0,5] [6,7] [3,5] [2,5] [1,6] [1,2] [5,6] [4,5] [4,5] [0,4] [1,2] [3,5] [0,5] [1,2] [2,5] [4,5] [4,7] [5,6] [0,6] [0,5] [2,6] [0,3] [1,5] [2,3] [5,7] [2,4] [1,2] [6,7] [0,2] [1,4] [4,6]
Token  16: [5,6] [1,4] [2,6] [0,6] [4,7] [3,4] [2,7] [6,7] [0,6] [4,6] [0,7] [2,4] [0,3] [0,7] [4,7] [0,5] [5,7] [0,6] [4,7] [5,6] [1,3] [2,5] [0,2] [1,7] [3,5] [4,7] [1,7] [4,6] [0,5] [0,2] [6,7] [0,4]
Token  17: [0,4] [1,4] [2,6] [0,3] [2,6] [3,5] [2,7] [6,7] [1,6] [1,2] [2,5] [0,6] [1,5] [5,7] [0,3] [2,7] [1,2] [0,1] [2,4] [1,5] [5,6] [2,6] [3,6] [1,3] [3,5] [4,7] [1,6] [0,4] [4,5] [0,2] [4,6] [0,4]
Token  18: [5,7] [4,7] [2,4] [2,5] [2,5] [5,7] [0,7] [6,7] [1,6] [1,2] [5,6] [6,7] [1,5] [1,5] [0,3] [1,7] [3,7] [0,1] [1,4] [0,5] [5,6] [2,4] [3,6] [3,5] [3,5] [4,7] [1,6] [0,3] [0,4] [0,2] [4,6] [0,4]
Token  19: [3,4] [1,4] [0,4] [0,1] [2,7] [0,5] [1,7] [1,6] [5,6] [0,3] [4,7] [0,1] [1,5] [0,4] [1,2] [5,6] [4,5] [1,7] [1,6] [4,5] [3,6] [1,3] [0,5] [0,7] [0,4] [5,6] [0,3] [0,7] [3,5] [5,7] [5,7] [2,7]
Token  20: [0,7] [0,5] [0,4] [4,5] [3,7] [0,4] [0,3] [5,7] [1,7] [2,5] [0,2] [1,2] [1,6] [0,3] [1,2] [1,5] [4,5] [3,7] [0,1] [3,5] [2,6] [0,3] [0,1] [0,1] [2,7] [1,6] [0,5] [1,6] [3,6] [0,7] [4,5] [1,5]
Token  21: [2,3] [0,7] [0,3] [2,4] [1,3] [1,7] [0,3] [5,7] [1,3] [2,5] [0,2] [2,7] [0,1] [1,3] [2,6] [0,3] [2,4] [6,7] [4,7] [5,6] [0,2] [2,7] [6,7] [2,6] [0,6] [3,6] [2,6] [0,4] [1,7] [2,7] [5,7] [2,7]
Token  22: [2,5] [2,6] [0,4] [1,7] [0,2] [4,7] [1,2] [2,5] [1,6] [5,6] [2,7] [2,7] [0,4] [0,1] [2,6] [1,5] [0,2] [3,6] [5,7] [0,1] [1,7] [6,7] [0,1] [0,1] [2,3] [3,7] [2,3] [0,6] [2,5] [0,2] [3,5] [1,5]
Token  23: [2,5] [0,4] [1,5] [1,3] [1,2] [0,5] [5,7] [2,6] [0,2] [5,6] [1,7] [2,5] [0,1] [1,2] [0,3] [0,7] [0,7] [0,5] [2,7] [0,5] [3,7] [3,4] [0,3] [1,6] [5,6] [1,4] [1,6] [0,2] [1,4] [1,2] [6,7] [0,4]
Token  24: [0,7] [0,6] [0,7] [0,3] [1,5] [2,3] [5,7] [5,6] [5,7] [5,6] [0,2] [1,2] [3,7] [1,4] [0,4] [2,5] [5,7] [4,7] [0,1] [5,7] [2,4] [2,5] [4,6] [3,6] [3,4] [1,2] [3,5] [1,7] [1,3] [4,5] [0,4] [2,7]
Token  25: [3,5] [0,5] [2,3] [2,3] [2,7] [1,4] [1,2] [0,7] [4,7] [5,6] [2,4] [1,7] [5,6] [0,1] [1,5] [5,6] [4,6] [5,7] [3,6] [4,5] [1,4] [1,4] [0,5] [2,7] [0,7] [2,5] [0,3] [3,6] [0,1] [3,7] [3,7] [3,5]
Token  26: [2,5] [4,5] [1,5] [0,7] [2,6] [4,7] [5,7] [0,2] [3,4] [1,7] [1,3] [2,5] [4,5] [2,7] [3,4] [0,7] [2,4] [0,5] [2,6] [2,5] [3,7] [2,5] [3,4] [1,6] [5,7] [1,4] [0,6] [0,6] [1,4] [1,2] [6,7] [0,4]
Token  27: [0,1] [6,7] [0,3] [3,5] [1,5] [1,2] [1,7] [0,6] [0,5] [5,6] [0,2] [2,3] [5,6] [0,3] [1,2] [0,5] [2,4] [4,7] [3,6] [5,7] [2,3] [1,2] [3,6] [0,3] [4,7] [3,6] [5,7] [4,7] [0,7] [4,5] [0,4] [6,7]
Token  28: [3,5] [0,5] [5,7] [0,1] [5,7] [0,4] [2,5] [2,6] [0,4] [5,6] [0,2] [2,4] [4,6] [2,5] [1,4] [2,4] [2,4] [2,4] [6,7] [0,3] [2,4] [2,7] [2,7] [1,2] [1,7] [0,5] [0,4] [2,6] [0,7] [2,3] [2,4] [4,6]
Token  29: [1,4] [1,4] [5,6] [0,5] [0,1] [1,7] [2,3] [1,3] [0,3] [2,3] [2,5] [6,7] [2,5] [0,5] [1,2] [2,6] [4,6] [1,7] [1,3] [0,5] [1,5] [0,1] [0,1] [2,4] [3,5] [3,7] [0,7] [3,4] [0,1] [4,7] [4,6] [4,6]
Token  30: [0,7] [5,7] [2,4] [2,5] [3,6] [5,7] [2,4] [1,2] [3,6] [1,7] [1,2] [1,7] [5,6] [0,1] [1,2] [1,6] [1,4] [5,6] [0,3] [5,6] [1,5] [1,4] [0,1] [0,4] [1,2] [2,6] [0,3] [5,6] [0,2] [1,7] [4,7] [3,5]
Token  31: [2,3] [2,5] [1,5] [0,5] [0,4] [0,1] [2,6] [2,5] [0,3] [0,5] [1,3] [5,7] [4,7] [2,7] [3,4] [0,7] [1,7] [0,5] [2,4] [2,5] [1,7] [2,6] [0,6] [2,6] [3,5] [4,7] [1,6] [0,2] [0,4] [0,2] [4,6] [0,4]
Token  32: [0,1] [1,6] [3,6] [4,6] [2,6] [0,1] [0,3] [1,4] [0,3] [2,3] [4,5] [1,6] [2,5] [0,4] [1,4] [5,6] [4,5] [1,7] [1,3] [5,6] [2,6] [0,4] [1,5] [2,7] [0,3] [3,7] [5,7] [4,6] [0,1] [4,5] [4,6] [4,7]
Token  33: [5,7] [0,3] [0,4] [4,6] [3,7] [1,6] [0,7] [4,7] [3,6] [5,6] [0,3] [1,4] [2,6] [0,4] [2,4] [0,5] [4,7] [6,7] [0,1] [0,6] [1,6] [0,1] [0,4] [4,7] [2,3] [3,5] [3,5] [5,6] [0,3] [3,6] [3,4] [1,3]
Token  34: [2,3] [1,3] [1,2] [1,4] [2,4] [0,5] [0,3] [2,3] [1,7] [4,5] [2,3] [2,7] [0,5] [0,1] [1,2] [1,5] [1,4] [3,7] [4,5] [0,1] [1,4] [0,1] [4,6] [0,2] [5,7] [2,6] [0,4] [0,7] [0,4] [1,7] [6,7] [0,2]
Token  35: [0,1] [5,6] [0,5] [2,4] [3,7] [1,7] [0,1] [4,5] [1,7] [2,5] [0,2] [1,2] [4,6] [1,3] [2,6] [0,3] [3,4] [3,7] [4,7] [0,5] [2,6] [0,5] [2,6] [1,7] [2,7] [6,7] [2,3] [1,6] [1,3] [6,7] [5,7] [1,2]
Token  36: [0,5] [2,4] [0,4] [1,2] [3,7] [4,7] [0,5] [2,6] [4,6] [6,7] [0,1] [2,4] [0,3] [0,7] [5,7] [0,5] [5,7] [1,6] [5,7] [1,6] [4,6] [6,7] [2,6] [1,6] [0,2] [0,6] [2,6] [0,1] [1,3] [2,7] [0,7] [2,5]
Token  37: [0,3] [4,7] [0,1] [2,7] [0,3] [3,5] [0,1] [4,5] [1,5] [2,5] [0,2] [1,2] [5,6] [1,3] [0,2] [0,5] [4,7] [3,7] [4,7] [2,6] [5,6] [0,6] [2,5] [0,1] [2,6] [3,4] [2,3] [3,4] [0,3] [1,7] [4,7] [1,5]
Token  38: [5,7] [0,4] [1,2] [1,4] [2,4] [2,5] [0,2] [2,3] [3,6] [5,7] [0,3] [5,7] [0,2] [1,5] [3,6] [1,7] [0,1] [2,5] [3,4] [1,7] [1,5] [1,4] [4,5] [4,7] [3,5] [2,6] [3,5] [5,6] [0,2] [1,3] [3,7] [3,5]
Token  39: [4,5] [4,5] [1,4] [1,7] [0,3] [4,5] [2,7] [4,6] [3,5] [4,5] [3,5] [5,7] [4,5] [4,7] [0,3] [0,7] [1,2] [0,2] [2,4] [2,5] [3,7] [2,4] [3,6] [1,6] [5,6] [4,7] [1,6] [0,3] [0,4] [1,3] [4,6] [0,4]
Token  40: [2,5] [0,6] [5,6] [4,6] [3,7] [1,4] [2,7] [1,3] [3,5] [0,7] [4,7] [0,1] [5,6] [0,4] [1,2] [5,6] [4,6] [1,5] [1,3] [0,5] [3,6] [5,6] [0,1] [2,4] [3,7] [3,5] [0,5] [3,4] [0,1] [3,4] [3,4] [4,7]
Token  41: [0,7] [3,6] [4,5] [1,6] [3,7] [1,4] [2,5] [5,6] [0,6] [6,7] [0,3] [0,2] [0,3] [0,2] [4,7] [0,5] [5,7] [0,6] [0,1] [1,7] [3,5] [1,6] [0,5] [2,3] [5,6] [0,7] [3,5] [2,7] [3,5] [1,7] [5,7] [3,5]
Token  42: [2,3] [2,5] [1,5] [1,6] [0,4] [1,4] [2,5] [0,2] [3,4] [5,7] [0,3] [4,5] [2,4] [0,7] [4,7] [0,5] [6,7] [6,7] [0,4] [4,6] [4,5] [1,6] [0,7] [3,7] [1,5] [5,7] [3,5] [0,6] [3,5] [1,7] [3,5] [1,5]
Token  43: [1,2] [1,7] [4,5] [0,1] [4,6] [1,5] [2,7] [0,4] [3,4] [5,7] [1,3] [2,5] [0,4] [0,7] [2,5] [0,7] [0,1] [0,5] [2,4] [2,5] [1,7] [3,7] [3,6] [5,6] [3,6] [3,6] [2,5] [0,6] [0,5] [1,7] [2,7] [1,5]
Token  44: [1,4] [0,1] [1,5] [1,3] [0,7] [4,5] [2,7] [0,1] [3,4] [5,7] [1,3] [5,7] [0,4] [2,7] [0,2] [0,7] [2,7] [0,5] [2,7] [2,5] [3,6] [2,3] [3,6] [2,6] [0,5] [4,7] [1,6] [0,3] [1,4] [1,2] [6,7] [0,4]
Token  45: [0,1] [5,6] [0,3] [3,5] [1,5] [1,3] [5,6] [1,6] [0,5] [5,6] [0,2] [1,2] [3,5] [0,1] [0,2] [0,5] [4,5] [4,7] [1,3] [5,7] [3,6] [2,5] [2,6] [5,6] [4,5] [1,6] [2,5] [1,7] [3,7] [3,5] [4,6] [4,6]
Token  46: [2,5] [0,2] [2,6] [3,7] [1,6] [1,4] [1,4] [0,7] [1,7] [3,6] [2,4] [1,7] [0,5] [0,1] [2,6] [2,5] [4,6] [1,7] [3,6] [5,7] [1,3] [4,7] [0,5] [3,5] [4,7] [6,7] [0,7] [4,6] [0,7] [0,4] [4,6] [4,7]
Token  47: [5,6] [3,4] [2,6] [4,6] [0,6] [1,6] [1,4] [1,7] [3,6] [1,2] [0,1] [1,4] [3,6] [0,7] [4,7] [0,5] [5,7] [6,7] [0,5] [0,6] [1,6] [1,4] [0,1] [0,4] [3,7] [2,6] [2,3] [5,6] [0,2] [3,7] [3,4] [3,5]
Token  48: [3,7] [5,7] [4,5] [0,3] [2,4] [0,5] [2,6] [2,5] [3,4] [0,7] [1,3] [2,5] [0,4] [2,7] [2,3] [4,7] [1,6] [2,5] [4,6] [0,5] [1,7] [3,4] [3,7] [1,6] [1,2] [0,7] [4,6] [2,6] [2,7] [1,2] [2,4] [0,4]
Token  49: [0,1] [1,6] [5,7] [3,5] [2,5] [1,6] [1,4] [6,7] [1,7] [0,3] [2,5] [0,6] [0,5] [0,1] [2,5] [1,2] [4,6] [4,7] [5,6] [0,6] [0,4] [4,7] [2,7] [2,5] [2,4] [0,5] [2,4] [1,2] [0,7] [0,2] [1,4] [4,6]
Token  50: [6,7] [1,4] [5,6] [0,6] [0,4] [1,5] [3,7] [3,7] [3,6] [2,3] [1,5] [4,6] [2,4] [2,7] [0,3] [0,2] [2,4] [0,1] [2,6] [2,5] [3,6] [2,7] [3,6] [3,6] [3,5] [4,7] [1,6] [0,3] [0,4] [2,7] [4,6] [0,4]
Token  51: [0,7] [3,6] [0,3] [3,5] [3,5] [2,3] [1,5] [2,6] [0,7] [3,5] [0,5] [3,4] [3,5] [0,4] [1,2] [0,5] [2,4] [4,7] [3,6] [5,7] [2,3] [2,5] [3,6] [3,5] [4,7] [3,6] [6,7] [1,6] [0,7] [4,5] [4,6] [4,6]
Token  52: [3,5] [0,6] [2,3] [2,5] [5,6] [5,6] [1,4] [0,7] [6,7] [3,4] [2,4] [1,4] [5,6] [0,1] [1,2] [0,5] [3,4] [4,5] [0,2] [1,4] [3,5] [0,5] [0,4] [0,4] [0,2] [1,6] [3,5] [5,6] [0,2] [3,7] [4,7] [3,5]
Token  53: [2,5] [1,2] [5,7] [0,1] [5,7] [0,4] [2,5] [2,6] [3,4] [0,4] [2,5] [2,4] [4,5] [1,2] [1,4] [0,4] [2,4] [2,4] [6,7] [0,3] [2,4] [2,7] [2,7] [2,5] [1,6] [0,5] [4,6] [2,6] [0,7] [2,3] [2,4] [4,6]
Token  54: [1,2] [1,4] [5,6] [0,5] [0,1] [3,5] [1,6] [0,6] [1,3] [2,3] [3,5] [5,7] [2,4] [0,5] [2,3] [0,2] [2,4] [0,1] [3,4] [0,5] [1,5] [0,1] [6,7] [1,5] [3,5] [3,7] [0,7] [3,4] [0,1] [4,5] [4,6] [4,7]
Token  55: [0,4] [3,6] [5,6] [0,5] [3,6] [5,7] [1,3] [1,3] [3,6] [0,2] [3,4] [1,2] [5,6] [0,1] [1,2] [0,6] [3,4] [5,6] [0,2] [4,5] [1,5] [0,1] [0,3] [0,4] [1,2] [3,6] [3,5] [5,6] [0,2] [3,7] [4,7] [3,5]
Token  56: [2,7] [1,2] [5,7] [0,3] [2,4] [0,4] [2,6] [2,3] [3,4] [0,5] [1,3] [2,4] [0,4] [2,7] [3,4] [2,7] [2,7] [0,1] [2,4] [0,5] [1,7] [4,6] [3,6] [1,6] [3,5] [4,7] [1,6] [0,4] [0,5] [0,2] [4,6] [0,4]
Token  57: [1,2] [1,3] [2,4] [2,3] [2,7] [2,3] [1,2] [0,1] [3,6] [2,3] [3,5] [5,7] [0,2] [4,7] [0,1] [2,5] [4,6] [1,5] [3,6] [0,5] [5,6] [4,6] [1,5] [4,6] [3,7] [3,4] [0,4] [0,6] [0,5] [3,4] [4,6] [4,7]
Token  58: [5,7] [3,4] [5,7] [2,5] [3,7] [2,6] [2,7] [0,1] [3,4] [5,7] [0,3] [1,4] [4,6] [0,4] [4,7] [0,5] [5,7] [2,6] [0,7] [1,4] [4,5] [0,6] [0,5] [3,7] [0,2] [3,5] [3,5] [1,6] [0,5] [3,7] [4,7] [3,5]
Token  59: [2,3] [2,5] [1,5] [1,6] [0,4] [1,4] [2,5] [0,2] [2,4] [5,6] [0,1] [1,4] [4,6] [0,7] [4,7] [0,5] [5,7] [6,7] [0,7] [1,4] [3,4] [1,6] [0,1] [2,3] [5,6] [5,7] [3,5] [0,2] [3,5] [1,7] [3,5] [1,5]
Token  60: [1,2] [1,7] [4,5] [0,1] [4,7] [1,5] [2,7] [0,4] [3,4] [5,7] [1,3] [5,7] [0,4] [2,7] [0,3] [0,7] [2,7] [0,5] [2,4] [0,5] [1,4] [2,6] [3,6] [1,5] [3,5] [4,7] [1,6] [0,6] [0,4] [2,3] [4,6] [4,7]
Token  61: [1,7] [0,1] [3,7] [3,5] [2,7] [0,4] [2,3] [4,6] [3,6] [2,3] [4,7] [0,1] [5,6] [0,4] [1,5] [5,6] [4,7] [5,7] [1,5] [4,6] [0,4] [4,6] [1,5] [2,7] [0,3] [3,5] [5,7] [6,7] [0,5] [3,7] [3,7] [3,7]
Token  62: [5,7] [0,4] [1,2] [6,7] [2,3] [0,4] [3,4] [3,4] [1,3] [2,5] [2,3] [2,7] [0,2] [0,1] [0,2] [1,5] [0,4] [5,6] [5,7] [5,6] [0,1] [4,6] [1,4] [0,2] [0,1] [2,6] [2,5] [6,7] [3,4] [1,7] [5,7] [0,7]
Token  63: [0,2] [5,6] [0,5] [5,7] [2,3] [1,7] [0,3] [4,5] [1,7] [2,5] [0,2] [1,2] [6,7] [1,3] [0,2] [0,3] [0,4] [3,7] [4,7] [0,5] [2,6] [0,5] [2,6] [1,3] [1,2] [6,7] [2,3] [1,6] [1,3] [6,7] [5,7] [2,5]
Token  64: [0,5] [2,4] [0,4] [1,2] [3,7] [3,4] [5,6] [5,6] [4,7] [4,7] [0,4] [2,3] [1,3] [1,2] [2,7] [2,3] [3,7] [3,7] [1,7] [0,1] [2,6] [3,7] [2,7] [0,4] [1,6] [1,7] [0,3] [0,1] [3,5] [1,7] [5,7] [1,5]
Token  65: [0,3] [4,7] [0,5] [2,7] [1,3] [2,5] [0,1] [4,5] [1,5] [2,5] [0,2] [0,3] [1,6] [1,3] [0,2] [0,1] [4,7] [3,7] [3,7] [2,6] [2,6] [0,5] [1,2] [0,1] [1,2] [2,6] [0,2] [3,4] [3,5] [1,7] [0,7] [1,5]
Token  66: [3,5] [0,4] [1,5] [0,7] [2,4] [0,4] [2,7] [3,4] [3,5] [5,7] [0,3] [5,7] [0,2] [2,7] [0,3] [0,7] [2,7] [0,5] [2,4] [2,5] [3,7] [0,4] [2,3] [0,6] [5,6] [4,6] [5,6] [0,6] [1,4] [1,2] [2,6] [0,4]
Token  67: [0,7] [0,6] [0,7] [3,5] [1,5] [2,3] [5,6] [5,6] [0,5] [4,5] [0,4] [2,4] [3,5] [0,4] [0,2] [0,5] [5,7] [4,7] [0,1] [5,7] [3,6] [0,2] [2,6] [3,6] [3,4] [1,3] [5,7] [1,7] [1,3] [4,5] [0,4] [2,7]
Token  68: [3,5] [0,5] [2,6] [3,4] [4,7] [1,6] [2,6] [0,1] [6,7] [5,6] [2,4] [1,3] [5,6] [0,1] [1,2] [5,6] [2,4] [6,7] [0,2] [0,7] [5,6] [1,2] [0,5] [0,3] [0,3] [1,6] [0,3] [5,6] [0,5] [3,7] [3,4] [3,5]
Token  69: [2,3] [2,7] [4,5] [0,3] [2,4] [0,5] [2,6] [2,5] [3,4] [0,7] [1,3] [2,6] [4,5] [0,2] [1,2] [4,7] [2,4] [2,7] [6,7] [0,5] [2,7] [3,7] [2,7] [1,6] [1,2] [0,7] [4,6] [2,6] [0,7] [1,2] [2,4] [0,4]
Token  70: [0,1] [1,2] [5,7] [4,5] [2,5] [0,2] [1,4] [0,2] [1,3] [5,6] [2,4] [4,6] [5,6] [0,1] [1,2] [2,5] [4,6] [4,7] [6,7] [0,3] [2,4] [2,7] [3,7] [1,2] [0,7] [0,7] [0,4] [2,6] [0,7] [2,3] [4,7] [4,6]
Token  71: [5,6] [1,3] [4,6] [0,2] [1,6] [0,2] [4,6] [0,6] [0,1] [2,5] [4,7] [6,7] [5,6] [0,1] [1,2] [2,5] [4,6] [1,4] [4,7] [0,3] [4,7] [1,7] [0,7] [1,2] [1,7] [0,5] [4,6] [2,6] [0,7] [2,3] [4,7] [4,6]
Token  72: [2,4] [1,4] [5,6] [0,5] [0,4] [1,3] [2,6] [0,2] [3,6] [2,5] [3,5] [5,6] [2,4] [5,7] [3,4] [2,7] [6,7] [0,1] [3,7] [5,6] [3,6] [0,6] [0,7] [2,5] [0,3] [4,7] [1,6] [0,4] [0,4] [2,7] [4,6] [4,7]
Token  73: [0,1] [5,6] [2,4] [2,7] [1,6] [1,7] [4,6] [0,7] [1,6] [2,3] [1,5] [1,7] [0,5] [1,7] [0,3] [1,7] [0,6] [0,1] [2,6] [5,6] [3,7] [0,4] [0,2] [5,7] [5,7] [2,6] [1,6] [0,3] [0,4] [2,7] [4,6] [0,4]
Token  74: [5,6] [4,6] [4,6] [2,5] [2,7] [1,4] [4,5] [1,7] [1,6] [3,7] [4,7] [1,7] [1,5] [0,4] [1,2] [5,6] [4,6] [5,7] [0,2] [5,6] [1,3] [1,7] [1,2] [0,7] [2,7] [2,5] [0,2] [0,4] [0,2] [5,7] [6,7] [2,7]
Token  75: [0,5] [2,5] [0,5] [6,7] [2,3] [1,7] [0,1] [4,7] [1,7] [2,3] [2,6] [2,3] [5,6] [0,1] [0,2] [1,3] [0,4] [3,7] [4,7] [0,5] [2,6] [0,7] [0,2] [1,3] [0,2] [6,7] [0,3] [2,6] [0,3] [1,7] [5,7] [2,5]
Token  76: [0,5] [2,4] [0,4] [1,2] [3,7] [3,4] [2,6] [4,6] [3,4] [5,6] [0,4] [1,4] [3,6] [0,4] [4,7] [0,5] [5,7] [6,7] [5,7] [5,6] [2,6] [5,6] [2,3] [0,3] [0,2] [2,6] [2,6] [0,6] [1,3] [2,7] [5,7] [2,7]
Token  77: [0,3] [4,7] [0,1] [2,7] [0,3] [3,5] [0,2] [4,5] [1,7] [1,2] [0,2] [1,2] [6,7] [0,1] [0,2] [1,5] [4,7] [3,7] [3,7] [2,6] [5,6] [0,7] [1,2] [0,1] [0,6] [2,5] [0,2] [5,6] [3,5] [3,7] [4,7] [1,5]
Token  78: [3,5] [0,4] [1,5] [6,7] [1,2] [5,6] [5,7] [0,6] [1,6] [4,7] [1,3] [5,7] [0,4] [1,2] [0,3] [0,7] [2,7] [0,5] [2,7] [2,5] [3,7] [2,7] [2,3] [5,6] [5,6] [1,4] [1,6] [0,6] [1,4] [2,7] [4,6] [0,4]
Token  79: [0,4] [6,7] [0,6] [3,5] [1,5] [2,3] [5,6] [0,6] [5,6] [2,5] [0,1] [4,7] [3,5] [4,7] [0,4] [0,5] [2,5] [2,4] [2,5] [2,5] [2,3] [0,2] [2,6] [5,6] [4,5] [1,5] [2,6] [0,7] [0,3] [5,7] [4,6] [4,6]
Token  80: [3,5] [0,6] [3,4] [4,6] [3,7] [3,7] [1,5] [5,6] [2,5] [5,7] [0,4] [1,7] [3,5] [0,4] [0,1] [2,6] [4,5] [4,7] [1,3] [5,7] [2,3] [2,5] [5,6] [0,7] [2,4] [3,5] [5,7] [4,6] [0,7] [4,5] [0,4] [3,5]
Token  81: [3,5] [3,5] [5,7] [0,3] [2,4] [0,5] [2,6] [0,2] [3,4] [0,7] [1,2] [2,6] [4,5] [0,2] [1,2] [4,7] [2,4] [0,2] [6,7] [0,5] [2,7] [3,4] [3,4] [1,6] [1,2] [0,7] [4,6] [2,6] [0,7] [0,2] [2,4] [0,4]
Token  82: [0,1] [1,2] [3,7] [0,4] [2,5] [0,2] [1,4] [0,6] [0,1] [5,6] [2,4] [4,6] [1,5] [0,1] [0,2] [2,7] [4,7] [4,7] [6,7] [0,3] [2,4] [2,7] [3,7] [2,5] [1,4] [0,5] [0,4] [2,6] [0,7] [2,3] [3,4] [4,6]
Token  83: [5,6] [0,3] [6,7] [2,5] [2,5] [5,6] [1,4] [6,7] [3,4] [2,5] [2,5] [0,6] [2,6] [0,5] [1,2] [2,5] [4,7] [4,7] [5,6] [0,6] [0,4] [2,4] [0,7] [1,5] [2,4] [0,7] [2,4] [2,5] [0,7] [0,2] [1,4] [4,6]
Token  84: [4,6] [1,3] [2,6] [0,6] [0,4] [3,7] [1,7] [1,7] [1,3] [2,3] [2,5] [4,6] [2,5] [4,5] [0,3] [2,7] [2,7] [0,1] [3,4] [4,5] [2,4] [5,6] [0,7] [0,7] [2,3] [5,7] [0,7] [4,5] [0,1] [3,4] [3,4] [3,6]
Token  85: [0,4] [5,7] [0,2] [4,7] [2,3] [1,2] [4,6] [1,7] [1,6] [1,2] [1,2] [1,7] [0,5] [1,7] [3,6] [0,7] [4,7] [1,6] [0,3] [4,5] [0,1] [1,4] [0,1] [0,7] [1,2] [1,2] [2,5] [5,6] [0,2] [3,7] [4,7] [3,5]
Token  86: [2,3] [2,5] [1,4] [0,7] [0,2] [5,6] [5,6] [6,7] [1,6] [2,3] [1,3] [5,7] [2,4] [4,7] [0,3] [0,7] [1,7] [0,2] [2,4] [2,5] [3,7] [2,6] [3,6] [3,6] [3,5] [4,7] [1,6] [0,6] [0,4] [0,2] [4,6] [0,4]
Token  87: [0,3] [1,6] [4,5] [2,7] [2,7] [1,5] [0,3] [5,7] [6,7] [2,3] [4,7] [1,2] [3,5] [0,1] [1,2] [3,5] [4,6] [1,5] [1,6] [5,6] [3,6] [4,6] [2,5] [1,5] [0,1] [2,5] [0,3] [3,4] [0,4] [3,4] [4,6] [4,7]
Token  88: [5,7] [3,4] [1,5] [1,2] [3,7] [1,4] [5,6] [2,6] [4,6] [6,7] [0,3] [1,4] [0,3] [0,7] [4,7] [0,5] [5,7] [5,6] [2,7] [4,6] [0,1] [0,5] [0,3] [1,4] [0,4] [1,3] [2,3] [0,5] [0,6] [3,6] [3,7] [3,5]
Token  89: [2,3] [1,4] [1,5] [2,6] [2,7] [1,4] [0,5] [5,7] [1,5] [2,5] [0,5] [4,7] [3,5] [4,7] [0,4] [6,7] [2,3] [0,1] [1,4] [1,5] [2,3] [2,5] [1,2] [5,7] [5,6] [4,7] [1,6] [0,3] [0,4] [0,3] [4,6] [4,7]
Token  90: [2,5] [1,3] [5,7] [2,7] [2,7] [1,4] [1,5] [5,7] [1,2] [0,2] [4,5] [1,7] [5,6] [0,4] [1,2] [5,6] [4,7] [1,3] [1,3] [4,7] [0,6] [1,5] [1,5] [0,7] [2,7] [3,5] [0,7] [4,6] [0,1] [4,5] [4,6] [4,7]
Token  91: [0,7] [3,7] [0,2] [5,7] [2,3] [1,3] [2,6] [1,2] [2,6] [0,5] [1,2] [1,2] [1,4] [1,6] [2,6] [6,7] [4,6] [5,6] [0,3] [0,5] [1,5] [1,4] [0,1] [0,7] [1,2] [2,3] [2,3] [5,6] [0,2] [3,7] [0,4] [3,5]
Token  92: [2,3] [2,5] [5,7] [0,1] [2,4] [0,5] [2,6] [2,5] [3,4] [0,7] [0,1] [4,5] [1,4] [1,2] [0,2] [0,7] [4,7] [0,5] [2,4] [0,5] [3,7] [3,7] [3,7] [1,6] [2,6] [1,4] [0,6] [0,2] [0,4] [2,7] [6,7] [0,4]
Token  93: [0,1] [1,5] [0,5] [2,5] [3,5] [0,6] [2,3] [0,7] [1,6] [0,7] [0,2] [0,3] [5,6] [0,1] [0,2] [0,1] [2,4] [5,7] [2,7] [5,6] [1,6] [3,5] [3,5] [0,7] [2,7] [1,6] [0,5] [5,6] [0,1] [1,7] [4,7] [3,5]
Token  94: [2,3] [4,5] [1,2] [2,7] [0,2] [5,6] [2,5] [5,6] [1,6] [2,3] [0,1] [4,5] [1,5] [4,7] [0,3] [0,5] [2,7] [0,5] [2,7] [2,5] [3,7] [2,7] [3,6] [3,6] [5,6] [4,7] [1,6] [0,1] [1,4] [2,7] [4,6] [0,4]
Token  95: [0,7] [6,7] [0,7] [3,5] [1,5] [2,3] [5,6] [5,6] [0,5] [4,5] [0,7] [2,4] [3,5] [0,4] [0,1] [0,5] [4,5] [4,7] [0,1] [5,7] [2,3] [2,5] [2,6] [0,3] [3,4] [1,3] [5,7] [1,7] [1,3] [5,7] [0,4] [2,7]
Token  96: [3,5] [0,5] [2,4] [2,3] [3,6] [1,5] [2,4] [0,1] [4,6] [1,7] [2,4] [1,7] [5,6] [0,1] [2,5] [1,6] [1,4] [5,7] [0,3] [5,7] [1,2] [1,4] [0,1] [0,4] [1,2] [1,2] [2,3] [5,6] [0,2] [3,7] [3,4] [3,5]
Token  97: [2,3] [2,5] [5,7] [0,3] [2,4] [0,5] [2,6] [2,5] [3,4] [0,7] [1,3] [2,5] [1,4] [2,7] [1,4] [4,7] [1,2] [2,5] [6,7] [0,5] [2,7] [3,6] [3,7] [1,6] [1,2] [0,7] [4,6] [2,6] [0,7] [2,3] [2,4] [0,4]
Token  98: [0,1] [1,2] [6,7] [4,5] [5,6] [1,6] [1,4] [0,6] [0,5] [1,7] [2,4] [0,6] [5,6] [0,5] [1,5] [5,6] [4,5] [4,7] [1,3] [4,5] [2,7] [0,3] [1,2] [2,7] [2,3] [2,5] [0,7] [4,6] [1,5] [0,4] [4,6] [4,6]
Token  99: [4,7] [2,6] [1,6] [4,7] [3,4] [1,6] [4,6] [1,7] [3,6] [1,5] [3,4] [0,1] [5,6] [0,1] [1,5] [5,6] [3,4] [1,7] [0,2] [4,6] [5,6] [0,1] [0,5] [1,7] [2,3] [1,5] [0,3] [5,6] [0,1] [3,6] [1,7] [3,5]
Token 100: [3,7] [2,5] [1,2] [0,1] [0,4] [1,5] [2,7] [0,4] [3,4] [1,5] [3,5] [5,7] [4,5] [1,6] [2,6] [4,7] [0,1] [0,2] [4,5] [0,3] [1,7] [4,7] [3,4] [1,5] [3,6] [4,6] [1,6] [0,3] [0,4] [1,7] [2,6] [0,4]
Token 101: [0,1] [3,6] [4,7] [3,4] [1,6] [3,7] [2,6] [0,5] [3,6] [1,5] [0,5] [0,6] [5,7] [0,1] [2,5] [5,6] [2,4] [4,7] [1,5] [6,7] [2,6] [0,7] [1,5] [4,7] [2,3] [3,5] [4,5] [0,6] [0,1] [3,7] [4,7] [3,5]
Token 102: [3,7] [1,4] [1,4] [0,4] [0,4] [2,4] [2,7] [0,7] [1,3] [1,3] [1,5] [5,7] [2,4] [1,7] [0,3] [4,7] [1,7] [0,2] [2,4] [3,5] [3,7] [4,7] [1,3] [1,6] [3,5] [4,5] [1,6] [1,6] [0,4] [0,1] [4,6] [4,7]
Token 103: [3,5] [0,6] [4,6] [4,6] [0,7] [1,4] [5,7] [6,7] [0,4] [5,6] [0,3] [2,4] [3,4] [2,4] [0,4] [0,5] [5,6] [4,6] [1,3] [5,7] [1,7] [3,4] [1,5] [2,7] [3,7] [3,5] [0,6] [4,6] [0,7] [3,7] [3,4] [3,5]
Token 104: [5,7] [2,5] [0,4] [0,1] [0,1] [3,5] [1,6] [0,6] [1,3] [2,5] [1,5] [5,7] [2,4] [5,7] [0,3] [4,7] [1,7] [0,2] [2,4] [2,5] [3,7] [6,7] [3,6] [1,5] [2,3] [5,6] [1,6] [0,2] [2,7] [0,2] [4,7] [4,6]
Token 105: [0,1] [1,7] [2,6] [0,1] [0,1] [3,4] [0,3] [6,7] [1,3] [1,2] [1,5] [4,6] [3,5] [4,5] [0,3] [2,7] [1,2] [0,1] [1,4] [5,7] [3,6] [2,4] [3,6] [3,6] [3,5] [4,7] [1,6] [0,3] [0,4] [2,7] [4,6] [0,4]
Token 106: [2,4] [2,6] [2,4] [2,4] [2,7] [0,1] [0,5] [5,6] [1,2] [2,6] [4,7] [1,4] [5,6] [0,4] [1,2] [2,6] [4,5] [1,5] [1,6] [5,6] [3,6] [4,6] [2,5] [4,7] [3,7] [3,5] [0,7] [3,4] [0,1] [4,5] [4,6] [4,7]
Token 107: [5,7] [3,7] [1,5] [2,7] [5,6] [5,6] [3,4] [3,5] [3,6] [0,1] [3,4] [0,1] [5,6] [0,6] [1,2] [1,6] [4,7] [5,7] [0,1] [4,6] [1,5] [0,1] [0,5] [4,7] [2,7] [1,5] [0,5] [5,6] [0,2] [3,7] [4,7] [5,7]
Token 108: [2,4] [4,5] [0,4] [6,7] [4,7] [0,4] [0,2] [0,4] [2,3] [5,7] [0,3] [4,5] [2,4] [0,1] [4,6] [1,7] [0,1] [5,7] [4,5] [0,5] [6,7] [6,7] [3,4] [0,3] [0,3] [1,6] [1,4] [5,6] [0,2] [1,7] [5,7] [1,5]
Token 109: [0,1] [3,7] [0,1] [0,5] [4,7] [1,4] [2,5] [4,6] [2,7] [3,4] [0,6] [0,3] [4,6] [0,2] [0,2] [2,5] [3,7] [6,7] [3,4] [0,1] [2,6] [3,7] [0,7] [3,5] [3,7] [2,6] [3,5] [1,3] [5,6] [0,1] [3,5] [1,5]
Token 110: [2,6] [3,7] [1,2] [1,4] [1,7] [2,5] [2,7] [5,7] [1,7] [3,7] [1,3] [2,5] [0,4] [2,6] [0,3] [0,7] [1,7] [0,2] [2,4] [3,5] [3,7] [3,4] [3,6] [0,6] [0,5] [1,4] [1,6] [0,3] [1,4] [1,2] [6,7] [0,4]
Token 111: [0,7] [0,6] [0,7] [3,5] [1,5] [2,3] [5,6] [5,6] [0,5] [5,6] [0,7] [2,4] [3,5] [2,4] [0,4] [0,5] [5,6] [4,7] [0,1] [5,7] [0,3] [2,5] [4,6] [3,4] [3,4] [1,3] [5,7] [1,7] [1,3] [4,5] [0,4] [2,7]
Token 112: [3,5] [4,5] [2,3] [2,3] [2,4] [2,4] [2,6] [0,6] [0,4] [4,7] [0,4] [1,2] [3,5] [0,1] [0,2] [1,5] [2,4] [3,7] [3,7] [0,6] [1,2] [2,6] [4,6] [1,3] [3,6] [3,6] [1,6] [0,4] [2,5] [1,7] [4,6] [4,7]
Token 113: [4,5] [4,7] [1,2] [2,7] [1,7] [0,4] [2,4] [1,2] [1,6] [1,7] [2,4] [1,7] [1,5] [0,3] [2,4] [1,2] [4,6] [1,7] [1,3] [3,6] [2,6] [0,6] [1,4] [0,1] [2,5] [5,6] [0,7] [0,4] [0,3] [3,7] [6,7] [2,7]
Token 114: [5,7] [4,7] [0,4] [4,7] [3,4] [1,7] [2,4] [1,6] [0,7] [1,7] [1,2] [5,7] [1,4] [1,6] [3,6] [1,7] [3,4] [5,6] [0,7] [5,6] [0,1] [1,6] [0,3] [0,2] [1,2] [2,3] [2,5] [4,5] [0,2] [4,7] [0,4] [3,5]
Token 115: [2,3] [4,6] [4,5] [0,3] [2,4] [0,6] [2,6] [2,5] [0,3] [1,7] [1,2] [4,5] [1,4] [2,7] [3,4] [0,7] [1,6] [0,2] [2,4] [0,5] [1,7] [3,6] [3,4] [1,6] [1,2] [4,7] [4,6] [0,2] [0,7] [1,2] [2,4] [0,4]
Token 116: [0,1] [3,6] [3,7] [4,5] [2,5] [0,2] [1,4] [2,6] [0,5] [5,7] [2,7] [4,6] [0,5] [0,1] [0,2] [0,7] [4,6] [4,7] [6,7] [0,3] [4,7] [2,6] [3,7] [1,2] [0,1] [0,5] [4,6] [2,5] [0,7] [2,3] [3,4] [4,6]
Token 117: [5,6] [0,3] [6,7] [4,5] [2,5] [5,6] [1,4] [1,6] [0,3] [5,7] [0,5] [0,4] [2,4] [4,7] [4,7] [0,5] [6,7] [4,6] [0,6] [0,6] [0,4] [2,6] [0,7] [1,5] [2,6] [0,5] [2,4] [2,6] [0,7] [0,2] [1,4] [4,6]
Token 118: [4,6] [1,4] [2,6] [0,4] [4,7] [2,6] [3,7] [3,7] [2,3] [2,3] [1,5] [4,6] [2,4] [4,7] [0,3] [2,7] [2,6] [0,1] [2,4] [5,6] [1,7] [2,6] [0,6] [1,3] [3,5] [4,7] [0,1] [0,3] [0,5] [0,2] [4,6] [4,7]
Token 119: [4,5] [0,3] [2,6] [3,4] [2,7] [0,4] [0,6] [1,3] [0,6] [0,3] [4,7] [0,1] [1,5] [0,4] [1,2] [5,6] [4,6] [1,5] [1,3] [5,6] [3,7] [2,6] [1,5] [2,7] [5,7] [3,5] [0,7] [3,4] [0,1] [4,7] [4,6] [4,7]
Token 120: [5,7] [3,7] [0,1] [4,6] [2,3] [0,6] [4,7] [1,3] [3,4] [6,7] [0,3] [2,4] [4,6] [0,7] [5,7] [0,5] [0,7] [6,7] [0,1] [4,6] [3,4] [1,6] [0,1] [2,3] [5,6] [5,7] [3,5] [0,1] [3,6] [1,7] [5,7] [1,5]
Token 121: [3,5] [1,2] [0,4] [4,6] [4,6] [0,1] [6,7] [1,6] [4,6] [5,7] [2,3] [1,7] [1,5] [0,1] [1,2] [1,5] [0,4] [5,6] [0,3] [0,5] [0,1] [0,1] [1,2] [0,5] [0,1] [1,2] [2,3] [5,6] [0,2] [3,7] [3,4] [3,5]
Token 122: [2,3] [2,5] [1,5] [0,7] [2,6] [4,7] [5,7] [0,2] [3,4] [5,7] [1,3] [2,5] [4,5] [2,7] [0,3] [0,5] [2,7] [0,5] [2,7] [2,5] [3,7] [2,5] [3,6] [1,6] [5,7] [4,7] [1,6] [0,6] [1,4] [2,7] [4,6] [0,4]
Token 123: [0,7] [6,7] [0,7] [3,5] [1,5] [2,3] [5,6] [1,6] [0,5] [4,5] [0,7] [2,4] [3,5] [2,4] [0,4] [0,5] [5,7] [4,7] [0,1] [5,7] [3,4] [2,5] [2,6] [0,3] [4,5] [1,2] [5,7] [1,7] [1,3] [3,5] [0,4] [2,7]
Token 124: [3,5] [0,5] [2,3] [2,3] [2,7] [1,4] [1,2] [0,7] [2,4] [3,6] [2,4] [1,7] [3,5] [0,1] [1,5] [5,6] [4,6] [5,7] [3,6] [5,7] [1,7] [1,4] [1,5] [2,7] [3,7] [5,7] [3,5] [3,6] [0,7] [3,4] [3,4] [3,5]
Token 125: [5,7] [3,5] [0,5] [0,3] [1,2] [1,4] [5,7] [5,6] [0,4] [4,6] [0,3] [2,4] [4,6] [2,7] [4,7] [0,5] [5,7] [6,7] [0,4] [1,4] [1,4] [1,6] [0,5] [3,7] [0,1] [5,7] [3,5] [1,6] [0,5] [1,2] [3,5] [1,5]
Token 126: [0,1] [1,5] [4,5] [0,1] [4,5] [1,4] [2,7] [0,6] [1,4] [5,7] [3,5] [2,6] [0,5] [0,1] [0,2] [0,7] [2,4] [0,7] [2,6] [2,5] [2,3] [2,7] [3,6] [1,3] [5,7] [6,7] [1,6] [0,4] [1,4] [1,2] [4,6] [0,4]
Token 127: [0,1] [6,7] [0,3] [3,5] [1,5] [1,2] [1,2] [5,6] [2,5] [5,6] [0,2] [1,3] [5,6] [0,1] [1,2] [0,5] [4,5] [4,7] [3,6] [5,7] [3,6] [1,2] [3,6] [0,3] [4,7] [3,6] [5,7] [6,7] [0,2] [4,7] [0,4] [3,5]
