MODEL: mixtral_8x7b
TOKEN_COUNT: 70
ACTIVE_EXPERTS: 2
================================================================================
PROMPT TEXT:
Partly due to these events , and partly due to the major losses in manpower Gallia suffers towards the end of the war with the Empire , the Nameless are offered a formal position as a squad in the Gallian Army rather than serve as an anonymous shadow force . This is short @-@ lived , however , as following Maximilian 's defeat , Dahau and Calamity Raven move to activate an ancient <unk> super weapon within the Empire , kept secret by their benefactor . Without the support of Maximilian or the chance to prove themselves in the war with Gallia , it is Dahau 's last trump card in creating a new Darcsen nation . As an armed Gallian force invading the Empire just following the two nations ' cease @-@ fire would certainly wreck their newfound peace , Kurt decides to once again make his squad the Nameless , asking Crowe to list himself and all under his command as killed @-@ in @-@ action . Now owing allegiance to none other than themselves , the 422nd confronts Dahau and destroys the <unk> weapon . Each member then goes their separate ways in order to begin their lives anew .
================================================================================
GENERATED TEXT:


## Ad blocker interference detected!

### Wikia is a free-to-use site that makes money from advertising. We have a modified experience for viewers using ad blockers Wikia is not accessible if you’ve made further modifications. Remove the custom ad blocker rule(s) and the page will load as expected.
================================================================================
EXPERT TRACE (Per token, list of layer expert IDs):
================================================================================
Token   0: [3,7] [2,3] [0,2] [4,5] [4,5] [0,6] [1,4] [0,2] [1,6] [3,7] [2,4] [3,5] [2,6] [0,4] [2,6] [3,7] [3,7] [4,6] [0,7] [1,6] [3,6] [6,7] [2,3] [1,3] [2,7] [2,7] [0,7] [1,4] [2,5] [0,3] [3,5] [3,6]
Token   1: [5,6] [1,6] [6,7] [0,3] [6,7] [1,3] [0,1] [5,6] [3,4] [4,7] [0,4] [2,4] [3,5] [2,4] [0,4] [3,4] [1,7] [3,7] [1,4] [1,5] [1,2] [2,5] [2,4] [6,7] [5,7] [1,4] [0,5] [3,7] [3,5] [3,5] [0,4] [2,7]
Token   2: [0,6] [5,7] [4,5] [4,5] [6,7] [0,7] [1,4] [0,5] [3,6] [1,4] [0,3] [0,2] [1,3] [2,7] [1,4] [4,5] [4,7] [3,7] [0,7] [1,5] [1,4] [0,2] [1,5] [2,7] [2,5] [1,7] [4,7] [1,7] [3,6] [3,5] [0,7] [2,7]
Token   3: [2,6] [2,7] [3,4] [3,5] [4,7] [2,3] [1,2] [4,6] [1,3] [1,7] [2,3] [0,7] [3,4] [0,1] [4,7] [1,3] [0,2] [3,6] [0,7] [1,3] [0,1] [2,7] [1,5] [0,4] [0,3] [1,3] [1,5] [1,5] [2,5] [1,7] [5,7] [1,5]
Token   4: [1,6] [1,4] [1,5] [2,6] [4,7] [1,3] [1,4] [3,4] [1,3] [0,2] [6,7] [3,5] [0,3] [0,5] [2,6] [2,3] [0,1] [3,6] [1,4] [3,5] [3,7] [2,6] [5,6] [0,4] [0,4] [0,1] [2,7] [5,6] [0,5] [1,6] [5,7] [1,4]
Token   5: [1,2] [4,6] [1,7] [2,4] [5,7] [0,3] [1,5] [3,4] [0,5] [0,2] [1,3] [3,5] [0,5] [5,6] [1,3] [3,7] [4,7] [2,6] [1,4] [2,5] [4,7] [2,6] [0,6] [0,4] [0,4] [0,3] [2,7] [2,5] [0,6] [1,5] [2,7] [0,4]
Token   6: [1,3] [0,7] [2,3] [1,6] [0,1] [2,7] [2,4] [3,6] [1,3] [0,2] [5,6] [3,5] [3,5] [1,5] [0,3] [2,4] [0,1] [0,7] [1,4] [1,3] [4,7] [2,6] [0,4] [1,6] [1,4] [0,3] [0,2] [5,7] [0,5] [1,6] [2,7] [0,4]
Token   7: [1,7] [1,7] [2,6] [2,6] [0,6] [2,3] [1,4] [0,3] [1,5] [0,4] [5,6] [0,6] [1,3] [4,5] [0,3] [2,3] [2,7] [0,6] [1,5] [2,5] [6,7] [2,7] [0,6] [1,6] [1,4] [1,3] [0,2] [2,5] [0,5] [2,5] [6,7] [0,4]
Token   8: [0,4] [6,7] [3,4] [6,7] [0,1] [3,7] [1,5] [3,6] [5,7] [0,4] [0,6] [0,4] [3,7] [4,7] [0,2] [3,5] [4,5] [2,6] [6,7] [4,5] [4,7] [2,7] [1,2] [1,6] [1,4] [3,6] [2,4] [2,5] [0,1] [1,5] [5,6] [1,2]
Token   9: [0,7] [0,7] [1,3] [1,6] [0,5] [3,7] [1,4] [3,4] [5,7] [0,2] [0,6] [0,2] [3,7] [0,1] [2,7] [1,3] [3,5] [3,6] [5,6] [4,5] [3,7] [2,7] [2,7] [1,7] [1,3] [3,7] [2,4] [3,5] [0,5] [0,3] [0,5] [2,7]
Token  10: [5,6] [1,6] [1,3] [5,6] [5,7] [0,6] [1,4] [2,6] [4,7] [1,7] [0,4] [1,2] [3,6] [1,5] [1,2] [1,3] [5,6] [3,6] [4,6] [5,7] [3,4] [2,3] [2,3] [1,3] [1,3] [3,7] [2,4] [3,5] [0,5] [3,5] [0,6] [2,7]
Token  11: [0,6] [0,1] [2,3] [1,5] [2,7] [3,5] [1,6] [0,7] [3,5] [1,4] [0,3] [0,5] [0,3] [2,7] [0,1] [4,7] [4,5] [3,6] [4,5] [1,5] [1,2] [2,3] [2,6] [3,4] [1,7] [3,6] [0,2] [3,5] [0,6] [5,7] [4,6] [2,7]
Token  12: [2,6] [5,7] [3,6] [5,6] [0,7] [1,7] [3,5] [3,4] [1,7] [0,4] [3,7] [2,7] [3,4] [0,1] [2,7] [3,5] [0,2] [3,6] [5,7] [1,3] [4,5] [1,2] [3,4] [0,2] [5,7] [0,3] [4,5] [2,5] [1,3] [2,4] [5,6] [1,5]
Token  13: [2,5] [4,7] [0,4] [0,5] [2,4] [0,7] [4,7] [3,4] [1,2] [0,3] [3,7] [2,7] [0,1] [1,5] [1,7] [3,7] [0,4] [2,3] [0,4] [1,3] [0,4] [1,4] [5,7] [0,6] [3,7] [3,5] [1,5] [2,6] [0,6] [1,5] [6,7] [0,4]
Token  14: [1,7] [0,2] [3,6] [0,1] [3,5] [6,7] [1,2] [0,6] [0,5] [0,7] [0,2] [3,6] [0,3] [1,5] [1,7] [2,3] [0,6] [4,7] [5,6] [2,6] [0,4] [1,4] [5,7] [0,4] [4,7] [2,5] [1,5] [5,6] [0,6] [0,5] [5,6] [0,4]
Token  15: [4,6] [0,2] [1,6] [0,5] [3,4] [3,6] [2,7] [4,6] [0,6] [0,5] [0,4] [0,3] [3,7] [1,5] [2,7] [3,4] [0,1] [6,7] [0,2] [1,3] [0,4] [3,4] [2,5] [0,1] [6,7] [2,5] [1,5] [2,5] [0,6] [3,7] [5,6] [1,5]
Token  16: [2,3] [2,4] [1,2] [0,4] [4,6] [1,7] [4,7] [2,4] [0,1] [0,4] [4,5] [2,7] [6,7] [5,6] [2,6] [3,5] [0,1] [1,4] [1,7] [5,7] [0,2] [1,3] [3,5] [0,2] [6,7] [2,5] [1,5] [5,6] [0,7] [0,7] [3,5] [1,5]
Token  17: [0,3] [2,4] [2,4] [2,4] [1,4] [2,7] [0,3] [4,5] [0,1] [4,5] [4,5] [0,3] [6,7] [1,4] [2,6] [0,3] [6,7] [1,3] [3,7] [1,6] [2,4] [1,3] [0,3] [2,6] [4,7] [2,3] [1,3] [5,6] [0,7] [0,7] [0,5] [1,5]
Token  18: [1,3] [2,3] [1,3] [4,7] [1,3] [0,4] [1,4] [1,4] [0,1] [0,4] [0,4] [0,3] [3,7] [1,4] [2,6] [0,3] [6,7] [1,3] [1,5] [2,3] [2,4] [2,3] [5,7] [2,5] [4,7] [2,5] [4,5] [2,4] [5,7] [0,7] [5,7] [1,4]
Token  19: [0,7] [2,7] [1,7] [0,4] [6,7] [1,7] [2,5] [5,6] [2,3] [6,7] [0,7] [0,2] [0,4] [0,2] [2,7] [0,5] [5,7] [3,6] [0,4] [1,7] [3,5] [1,6] [0,5] [0,3] [1,4] [0,6] [3,7] [1,7] [3,5] [0,1] [5,7] [1,5]
Token  20: [1,7] [1,4] [5,7] [0,1] [2,6] [3,7] [2,4] [4,6] [0,5] [0,4] [0,5] [0,5] [1,2] [2,5] [3,6] [1,3] [0,7] [4,5] [1,4] [1,2] [2,3] [0,3] [1,3] [0,4] [6,7] [2,5] [5,6] [4,6] [0,7] [0,7] [3,5] [1,5]
Token  21: [2,4] [5,7] [1,5] [4,5] [0,4] [0,7] [2,5] [3,4] [0,4] [4,7] [1,5] [5,6] [4,7] [2,3] [0,2] [3,4] [0,1] [0,3] [5,6] [0,2] [4,7] [0,4] [2,3] [0,2] [4,6] [5,6] [4,5] [4,7] [0,5] [0,4] [5,6] [0,4]
Token  22: [0,1] [0,6] [1,5] [3,4] [5,6] [1,3] [1,7] [1,4] [0,5] [4,5] [0,4] [3,4] [3,7] [2,4] [1,2] [3,6] [2,4] [2,5] [6,7] [1,5] [2,7] [3,5] [1,2] [0,6] [6,7] [2,6] [1,4] [6,7] [0,5] [3,6] [3,5] [0,4]
Token  23: [2,6] [1,7] [3,6] [4,5] [0,1] [3,6] [1,7] [4,6] [0,1] [2,3] [5,7] [3,6] [5,6] [4,5] [2,6] [3,6] [2,6] [6,7] [3,5] [2,5] [0,1] [3,5] [2,7] [1,4] [4,6] [2,5] [1,5] [4,6] [0,6] [4,5] [3,5] [1,4]
Token  24: [4,5] [5,7] [0,2] [0,1] [0,4] [5,6] [2,5] [0,4] [0,1] [1,2] [5,6] [3,7] [4,5] [5,6] [0,4] [2,3] [2,3] [1,7] [6,7] [1,5] [0,1] [0,1] [2,7] [1,6] [2,6] [1,5] [1,5] [5,6] [0,5] [0,2] [5,6] [0,4]
Token  25: [0,1] [1,6] [0,3] [4,6] [4,7] [0,5] [1,5] [1,4] [0,5] [2,3] [4,7] [1,3] [1,6] [0,4] [1,5] [3,6] [5,7] [3,4] [6,7] [1,5] [0,1] [1,4] [2,7] [0,6] [1,6] [1,2] [1,5] [5,6] [5,7] [4,5] [3,5] [4,6]
Token  26: [5,7] [0,1] [4,5] [0,6] [4,7] [2,3] [1,5] [1,4] [0,5] [5,7] [1,3] [3,5] [2,5] [2,6] [0,3] [2,3] [0,7] [0,6] [6,7] [2,5] [0,4] [1,4] [2,7] [0,6] [1,6] [1,2] [1,5] [5,6] [1,5] [5,7] [5,7] [0,4]
Token  27: [0,6] [6,7] [0,7] [3,5] [0,5] [3,7] [1,5] [4,6] [0,5] [4,5] [0,5] [2,4] [3,7] [4,7] [0,4] [3,4] [5,6] [3,6] [6,7] [1,5] [0,7] [4,6] [2,7] [0,6] [1,6] [1,2] [3,5] [5,6] [0,5] [0,5] [5,6] [2,7]
Token  28: [3,5] [0,5] [2,3] [3,7] [4,5] [3,4] [2,4] [3,4] [4,7] [4,5] [2,6] [3,4] [4,7] [2,3] [1,2] [3,4] [2,3] [2,5] [4,6] [1,3] [0,1] [1,4] [2,7] [0,6] [1,6] [1,2] [1,5] [3,5] [2,5] [2,5] [2,5] [0,4]
Token  29: [2,6] [2,3] [3,6] [0,7] [0,5] [1,2] [1,4] [0,6] [5,7] [5,7] [2,6] [0,3] [1,3] [2,5] [4,6] [3,7] [0,7] [4,7] [0,3] [3,7] [0,2] [4,6] [6,7] [0,6] [3,6] [2,3] [0,5] [5,6] [5,6] [0,5] [3,5] [4,6]
Token  30: [4,6] [2,6] [2,6] [0,7] [3,4] [3,6] [4,7] [0,1] [0,6] [1,4] [2,3] [0,3] [3,6] [5,6] [4,7] [0,3] [0,3] [6,7] [0,2] [3,7] [6,7] [3,4] [3,6] [1,6] [3,6] [0,5] [3,5] [5,6] [0,3] [5,6] [3,5] [1,5]
Token  31: [3,4] [1,4] [2,4] [4,6] [2,7] [1,4] [6,7] [3,6] [6,7] [0,2] [4,6] [3,5] [2,6] [5,6] [4,6] [1,3] [0,7] [1,6] [0,1] [1,2] [5,7] [1,3] [4,6] [1,6] [1,6] [0,3] [4,5] [5,7] [0,7] [1,3] [3,7] [1,5]
Token  32: [2,4] [5,7] [1,2] [0,7] [0,2] [3,4] [2,4] [2,5] [4,6] [2,7] [5,6] [5,6] [4,5] [5,6] [0,3] [3,4] [0,1] [3,7] [1,4] [1,2] [3,7] [2,5] [1,6] [1,6] [1,2] [3,6] [2,3] [5,6] [0,3] [5,6] [6,7] [0,4]
Token  33: [1,7] [6,7] [1,3] [2,4] [2,7] [1,3] [1,2] [1,5] [5,6] [0,2] [4,7] [1,3] [1,7] [0,4] [1,2] [3,6] [5,6] [3,6] [1,5] [0,3] [5,7] [2,7] [1,6] [0,4] [1,6] [4,5] [2,5] [1,5] [2,7] [4,5] [0,6] [4,5]
Token  34: [5,7] [3,5] [0,5] [1,2] [4,7] [4,5] [0,2] [0,4] [2,3] [0,2] [1,3] [2,3] [4,5] [2,6] [3,7] [3,4] [2,6] [0,7] [1,6] [2,6] [1,7] [2,4] [3,7] [1,4] [1,5] [2,5] [2,5] [1,3] [0,7] [0,5] [2,6] [0,4]
Token  35: [1,4] [1,4] [5,6] [4,6] [2,6] [0,3] [2,3] [1,2] [2,5] [0,2] [4,7] [0,3] [1,6] [0,4] [6,7] [3,6] [6,7] [0,7] [1,5] [0,6] [2,7] [4,6] [1,2] [6,7] [1,3] [4,5] [2,5] [3,5] [0,6] [5,7] [3,5] [4,5]
Token  36: [2,5] [5,7] [0,4] [4,6] [4,7] [2,3] [1,5] [1,4] [0,5] [2,7] [1,3] [2,3] [2,4] [1,6] [6,7] [1,3] [0,6] [3,6] [1,5] [0,6] [0,2] [2,4] [1,2] [0,6] [1,3] [1,5] [1,5] [1,5] [2,6] [1,7] [5,7] [1,5]
Token  37: [1,7] [1,4] [1,5] [2,6] [4,7] [1,3] [1,4] [3,4] [1,3] [0,2] [1,6] [3,5] [0,2] [0,6] [2,3] [0,3] [0,7] [3,6] [1,5] [0,6] [2,7] [4,6] [0,3] [4,6] [0,1] [0,5] [2,5] [3,5] [0,6] [5,7] [5,7] [1,5]
Token  38: [2,5] [1,4] [1,5] [2,4] [0,7] [0,3] [1,4] [3,4] [0,5] [0,3] [1,3] [3,5] [0,5] [2,7] [0,3] [1,7] [6,7] [0,6] [1,6] [2,6] [5,7] [4,7] [0,2] [1,6] [1,5] [0,5] [2,5] [3,5] [0,4] [0,5] [5,6] [0,4]
Token  39: [0,1] [0,5] [0,3] [5,6] [0,5] [1,3] [1,5] [3,4] [1,7] [0,5] [2,4] [2,3] [2,3] [1,3] [2,7] [3,5] [0,2] [3,6] [5,7] [1,3] [5,6] [1,2] [3,4] [0,2] [1,5] [0,5] [2,5] [2,5] [1,6] [2,5] [5,6] [1,5]
Token  40: [2,5] [4,7] [0,4] [0,1] [2,4] [0,7] [4,7] [1,4] [1,2] [0,3] [4,7] [2,3] [0,1] [2,5] [1,5] [3,7] [0,2] [2,5] [0,4] [2,3] [0,1] [4,6] [2,5] [0,6] [1,3] [5,7] [1,5] [2,6] [0,6] [5,7] [2,6] [0,4]
Token  41: [0,1] [0,2] [3,6] [0,3] [2,5] [1,6] [1,2] [0,6] [4,5] [0,7] [2,4] [2,6] [3,7] [1,5] [1,7] [2,3] [5,6] [4,7] [0,5] [2,6] [0,3] [4,6] [1,5] [0,6] [1,3] [2,5] [1,2] [1,5] [0,6] [0,2] [5,6] [0,4]
Token  42: [4,6] [0,2] [3,4] [1,4] [1,5] [0,6] [2,4] [4,6] [0,5] [0,5] [2,6] [3,6] [0,3] [2,5] [2,7] [3,7] [4,7] [3,7] [5,6] [2,6] [0,7] [4,6] [1,7] [0,6] [1,6] [5,7] [1,5] [5,6] [2,6] [0,7] [5,7] [4,5]
Token  43: [4,7] [3,4] [5,6] [1,2] [2,5] [5,6] [1,7] [4,6] [3,5] [0,2] [5,6] [0,6] [3,5] [1,5] [0,3] [3,4] [1,7] [1,3] [2,7] [5,6] [6,7] [6,7] [5,6] [2,6] [0,1] [5,7] [1,6] [5,6] [0,7] [5,6] [6,7] [0,4]
Token  44: [0,4] [5,6] [3,4] [2,4] [0,1] [1,5] [1,5] [2,6] [1,5] [0,2] [4,7] [1,2] [1,3] [0,4] [2,6] [3,6] [5,6] [5,7] [1,6] [2,7] [3,7] [6,7] [0,1] [0,6] [1,7] [6,7] [2,5] [0,7] [0,7] [4,5] [5,6] [2,4]
Token  45: [5,6] [0,5] [5,7] [2,4] [5,6] [4,5] [1,3] [2,3] [3,4] [0,5] [2,6] [0,3] [6,7] [0,2] [2,7] [3,4] [3,4] [2,6] [6,7] [0,6] [4,7] [6,7] [0,1] [0,6] [1,2] [6,7] [2,5] [0,2] [2,6] [0,3] [5,6] [0,4]
Token  46: [0,2] [2,7] [5,6] [1,2] [0,6] [4,7] [1,3] [3,5] [2,7] [4,7] [0,4] [0,2] [3,4] [1,2] [2,7] [2,3] [5,7] [3,7] [1,7] [0,1] [1,2] [5,7] [2,7] [4,7] [3,7] [3,6] [0,3] [1,5] [3,5] [1,7] [5,7] [5,7]
Token  47: [0,6] [2,3] [0,7] [2,4] [5,6] [1,2] [1,3] [2,3] [2,3] [0,6] [4,6] [0,3] [3,6] [0,5] [6,7] [3,6] [5,6] [3,7] [1,6] [0,7] [2,7] [4,7] [0,1] [0,6] [1,6] [2,7] [2,7] [0,2] [5,6] [0,7] [5,6] [4,5]
Token  48: [1,4] [1,2] [5,6] [3,6] [0,4] [2,4] [1,3] [3,6] [1,3] [0,2] [6,7] [0,3] [2,6] [0,5] [2,6] [2,3] [2,6] [0,7] [1,5] [2,5] [0,4] [1,7] [0,2] [1,6] [1,5] [1,7] [5,7] [0,4] [0,6] [4,5] [0,6] [4,6]
Token  49: [0,4] [5,7] [0,2] [6,7] [2,3] [1,2] [2,4] [5,7] [1,3] [1,2] [2,5] [3,5] [3,6] [5,6] [6,7] [5,6] [4,6] [6,7] [3,5] [5,6] [0,5] [2,4] [2,7] [0,6] [1,2] [2,7] [1,5] [3,5] [5,6] [4,7] [3,5] [1,5]
Token  50: [3,6] [4,5] [2,4] [0,6] [2,7] [1,2] [2,6] [3,6] [3,6] [0,2] [1,6] [3,5] [2,4] [5,6] [0,3] [4,7] [3,7] [0,6] [4,6] [2,6] [5,7] [2,7] [1,6] [1,7] [1,3] [1,3] [2,4] [5,7] [0,4] [5,7] [6,7] [0,4]
Token  51: [0,6] [3,6] [5,7] [3,5] [0,1] [2,3] [1,5] [3,6] [5,7] [4,5] [0,6] [2,4] [3,7] [4,7] [0,4] [3,4] [5,6] [3,6] [0,6] [3,5] [2,7] [4,7] [1,6] [1,4] [0,1] [2,3] [2,3] [3,5] [0,5] [5,7] [5,6] [2,7]
Token  52: [3,5] [0,4] [3,6] [0,3] [1,6] [4,6] [1,5] [3,4] [1,7] [0,2] [2,5] [3,7] [2,7] [0,5] [2,6] [2,6] [1,7] [3,7] [0,3] [1,7] [2,3] [2,7] [6,7] [2,6] [1,3] [2,5] [2,4] [5,6] [5,6] [4,5] [5,6] [1,4]
Token  53: [2,5] [6,7] [5,6] [0,3] [3,6] [6,7] [4,5] [1,3] [1,6] [0,2] [3,4] [1,3] [3,6] [0,5] [2,7] [0,3] [1,3] [2,5] [0,2] [1,5] [1,2] [2,7] [2,6] [0,5] [1,2] [1,5] [3,5] [0,5] [0,6] [0,7] [0,5] [1,5]
Token  54: [2,7] [1,7] [2,4] [1,7] [4,6] [0,4] [0,3] [3,6] [0,6] [0,1] [3,6] [2,5] [2,6] [5,6] [6,7] [1,3] [1,7] [5,6] [1,3] [1,4] [1,2] [1,7] [4,5] [2,5] [1,3] [0,1] [2,6] [2,5] [0,6] [0,7] [3,7] [1,5]
Token  55: [1,3] [5,7] [2,4] [0,6] [4,7] [2,3] [1,5] [1,4] [3,5] [2,7] [1,3] [3,5] [2,4] [1,6] [5,7] [1,3] [0,1] [3,5] [0,5] [1,7] [1,6] [2,4] [1,6] [0,4] [0,3] [1,5] [2,5] [1,5] [2,6] [1,7] [3,5] [1,5]
Token  56: [1,7] [4,7] [1,5] [0,2] [4,7] [1,3] [1,4] [3,4] [3,5] [0,7] [1,3] [3,5] [0,4] [2,6] [2,3] [1,3] [0,1] [5,6] [1,5] [1,7] [2,6] [1,4] [0,6] [4,6] [0,2] [0,5] [0,2] [4,5] [5,6] [1,7] [3,5] [1,5]
Token  57: [1,2] [4,6] [1,7] [2,4] [0,7] [0,3] [4,5] [3,6] [0,5] [0,7] [1,3] [3,5] [0,4] [2,7] [3,5] [1,7] [1,7] [5,6] [4,5] [1,7] [1,6] [3,4] [0,6] [2,6] [0,1] [0,1] [0,2] [5,6] [0,7] [1,7] [2,3] [4,5]
Token  58: [1,4] [0,7] [2,4] [0,7] [0,7] [4,7] [3,7] [3,4] [4,6] [1,7] [1,3] [3,5] [2,4] [1,7] [0,3] [4,7] [0,1] [0,5] [1,5] [0,6] [3,7] [5,7] [2,6] [2,4] [1,3] [0,5] [2,3] [5,6] [0,1] [3,6] [6,7] [0,4]
Token  59: [0,1] [1,5] [5,7] [2,5] [1,5] [0,7] [4,5] [1,3] [3,7] [0,1] [0,6] [1,3] [6,7] [0,7] [0,2] [0,3] [1,2] [3,6] [1,5] [5,6] [2,6] [4,7] [4,6] [0,1] [3,6] [1,5] [0,2] [5,6] [3,6] [3,7] [0,7] [1,5]
Token  60: [2,5] [5,7] [5,7] [1,2] [1,2] [6,7] [4,6] [3,4] [3,4] [1,7] [1,2] [5,7] [1,4] [1,3] [0,2] [0,7] [5,7] [0,3] [5,6] [5,6] [3,7] [4,7] [2,6] [2,4] [3,6] [5,7] [2,3] [2,6] [1,6] [1,7] [6,7] [0,4]
Token  61: [0,2] [2,6] [0,7] [1,5] [0,2] [3,7] [5,6] [3,6] [0,5] [0,7] [1,6] [3,5] [0,4] [2,7] [0,3] [4,7] [5,7] [0,6] [1,6] [1,5] [3,7] [4,7] [2,6] [2,4] [1,3] [0,5] [2,3] [2,5] [0,1] [1,4] [5,6] [0,4]
Token  62: [1,3] [0,6] [4,7] [0,3] [1,6] [3,7] [1,5] [3,6] [1,5] [0,2] [0,4] [0,4] [3,7] [2,4] [1,3] [0,6] [2,4] [3,4] [5,7] [1,7] [3,6] [3,4] [1,6] [4,5] [1,3] [5,7] [0,2] [5,6] [0,5] [3,5] [6,7] [4,6]
Token  63: [3,7] [0,7] [6,7] [2,6] [3,6] [5,6] [4,6] [0,3] [6,7] [0,1] [2,4] [0,3] [3,7] [1,2] [1,7] [0,3] [1,3] [3,5] [0,2] [1,6] [1,3] [4,5] [0,6] [4,5] [1,3] [5,7] [2,3] [2,6] [0,6] [0,3] [0,6] [4,5]
Token  64: [2,7] [1,2] [1,5] [1,3] [0,4] [0,1] [2,5] [2,4] [3,4] [0,7] [1,3] [2,3] [4,7] [1,2] [1,2] [3,4] [0,1] [3,5] [4,5] [0,7] [6,7] [4,5] [5,6] [1,5] [3,4] [5,7] [0,2] [2,6] [5,6] [1,6] [2,6] [0,4]
Token  65: [0,1] [1,7] [3,7] [1,2] [2,5] [0,1] [1,4] [0,6] [1,7] [1,7] [2,5] [3,4] [3,6] [1,5] [1,7] [0,3] [0,6] [3,4] [0,7] [0,3] [1,6] [1,3] [1,5] [4,5] [1,7] [5,7] [0,2] [2,5] [6,7] [3,6] [2,7] [4,6]
Token  66: [4,6] [1,3] [6,7] [1,5] [4,7] [1,6] [1,5] [0,1] [1,7] [0,2] [5,6] [0,3] [5,7] [2,5] [0,3] [2,3] [2,7] [0,3] [3,4] [5,6] [1,3] [3,6] [0,6] [4,5] [0,5] [5,7] [1,2] [4,5] [1,4] [2,6] [5,6] [0,4]
Token  67: [0,7] [6,7] [2,3] [1,5] [1,4] [5,6] [3,5] [4,6] [6,7] [1,2] [4,7] [0,3] [6,7] [4,7] [1,7] [1,2] [6,7] [3,7] [3,5] [2,6] [1,4] [4,6] [0,6] [3,5] [0,3] [5,6] [2,5] [2,4] [4,6] [2,5] [5,6] [4,6]
Token  68: [6,7] [4,7] [0,2] [1,7] [0,1] [3,6] [2,7] [3,6] [3,6] [1,7] [5,6] [5,6] [1,4] [2,7] [0,3] [0,3] [3,7] [0,6] [1,6] [5,6] [1,5] [2,7] [0,6] [4,5] [5,7] [5,7] [2,6] [2,5] [1,5] [5,6] [0,6] [0,4]
Token  69: [0,6] [3,6] [0,7] [1,3] [0,1] [2,3] [1,5] [3,6] [5,7] [4,7] [0,2] [2,4] [3,7] [1,4] [0,4] [3,4] [5,6] [3,6] [0,6] [5,6] [2,6] [4,7] [5,7] [4,6] [0,5] [0,7] [2,6] [2,5] [1,5] [5,7] [5,6] [2,7]
