MODEL: mixtral_8x7b
TOKEN_COUNT: 128
ACTIVE_EXPERTS: 2
================================================================================
PROMPT TEXT:
The game began development in 2010 , carrying over a large portion of the work done on Valkyria Chronicles II . While it retained the standard features of the series , it also underwent multiple adjustments , such as making the game more forgiving for series newcomers . Character designer <unk> Honjou and composer Hitoshi Sakimoto both returned from previous entries , along with Valkyria Chronicles II director Takeshi Ozawa . A large team of writers handled the script . The game 's opening theme was sung by May 'n .
================================================================================
GENERATED TEXT:


The game was released in Japan on January 27 , 2011 , and in North America on August 30 , 2011 . It was released in Europe on September 16 , 2011 . The game was released on the PlayStation Store on September 20 , 2011 .

## Gameplay

The gameplay of Valkyria Chronicles III is similar to that of the previous games in the series . The game is a tactical role-playing game , with a third-person shooter battle system . The game is
================================================================================
EXPERT TRACE (Per token, list of layer expert IDs):
================================================================================
Token   0: [3,7] [2,3] [0,2] [4,5] [4,5] [0,6] [1,4] [0,2] [1,6] [3,7] [2,4] [3,5] [2,6] [0,4] [2,6] [3,7] [3,7] [4,6] [0,7] [1,6] [3,6] [6,7] [2,3] [1,3] [2,7] [2,7] [0,7] [1,4] [2,5] [0,3] [3,5] [3,6]
Token   1: [5,6] [1,6] [6,7] [3,4] [2,6] [3,6] [0,2] [5,6] [1,4] [4,7] [0,4] [2,4] [3,6] [2,4] [2,4] [2,4] [5,7] [3,7] [1,4] [1,5] [2,4] [2,5] [2,4] [0,6] [1,7] [1,2] [2,5] [1,7] [3,5] [3,5] [0,4] [2,7]
Token   2: [5,6] [0,7] [2,6] [0,3] [0,6] [5,6] [2,7] [0,5] [3,4] [4,6] [0,2] [1,4] [3,6] [0,2] [4,7] [0,3] [3,5] [4,5] [0,2] [1,4] [3,5] [0,5] [0,5] [0,7] [0,2] [1,6] [3,5] [1,6] [1,2] [3,6] [0,1] [3,5]
Token   3: [2,7] [1,2] [1,5] [3,5] [1,2] [1,4] [5,7] [2,6] [0,4] [4,7] [1,3] [2,4] [0,4] [2,7] [1,4] [2,4] [0,6] [2,5] [6,7] [0,3] [2,7] [0,3] [4,5] [1,6] [1,7] [0,5] [4,6] [1,2] [6,7] [1,6] [2,4] [0,6]
Token   4: [0,1] [2,7] [6,7] [3,5] [2,5] [1,2] [2,7] [0,6] [4,7] [4,7] [0,2] [0,4] [3,5] [2,5] [1,4] [2,4] [5,6] [1,4] [5,6] [4,6] [0,4] [2,6] [3,5] [1,3] [2,7] [5,7] [2,7] [2,5] [6,7] [0,2] [1,4] [4,6]
Token   5: [6,7] [1,4] [2,6] [0,5] [4,6] [0,2] [5,7] [6,7] [1,7] [3,4] [2,5] [0,6] [2,5] [2,5] [3,4] [2,3] [1,7] [0,1] [2,3] [1,5] [4,6] [2,6] [0,3] [1,2] [5,6] [4,7] [1,6] [0,3] [0,4] [2,5] [2,6] [0,4]
Token   6: [4,7] [0,3] [3,7] [4,5] [2,7] [0,4] [4,7] [5,7] [2,7] [3,4] [4,7] [0,1] [1,2] [0,4] [1,4] [2,5] [5,7] [1,5] [1,6] [1,7] [4,6] [6,7] [1,5] [2,3] [0,6] [3,5] [3,5] [6,7] [4,5] [3,4] [3,5] [2,7]
Token   7: [2,5] [5,7] [0,5] [4,6] [2,4] [0,2] [4,5] [5,6] [2,6] [4,5] [1,3] [2,7] [0,2] [2,7] [3,4] [2,7] [0,7] [0,2] [2,7] [2,5] [1,6] [2,6] [3,6] [2,3] [5,6] [4,7] [1,6] [0,3] [0,4] [2,3] [2,6] [0,4]
Token   8: [1,7] [0,3] [3,5] [4,5] [2,6] [1,7] [4,7] [1,7] [5,7] [3,4] [4,7] [0,1] [2,5] [0,3] [4,5] [1,2] [5,6] [5,7] [1,7] [1,7] [4,6] [6,7] [0,1] [2,7] [5,6] [3,5] [2,3] [4,6] [0,6] [3,5] [5,7] [2,7]
Token   9: [5,7] [5,7] [2,4] [6,7] [0,1] [2,6] [1,5] [5,7] [1,7] [3,4] [0,2] [2,7] [0,5] [1,3] [4,6] [2,7] [0,6] [5,7] [2,7] [1,5] [2,6] [4,7] [1,2] [2,6] [1,6] [1,3] [2,3] [3,6] [1,6] [2,7] [5,7] [2,4]
Token  10: [1,2] [1,2] [4,5] [4,7] [0,1] [4,5] [4,7] [5,7] [1,7] [3,4] [4,7] [0,1] [2,5] [0,3] [4,5] [2,4] [5,6] [4,7] [2,7] [1,3] [2,3] [4,7] [2,6] [0,7] [1,6] [6,7] [3,7] [1,6] [3,6] [2,7] [3,7] [2,7]
Token  11: [1,2] [2,6] [3,5] [0,2] [6,7] [1,7] [0,4] [4,5] [2,7] [3,4] [0,6] [0,3] [0,4] [0,2] [2,7] [3,5] [3,5] [6,7] [4,7] [1,5] [0,3] [2,7] [1,2] [3,4] [1,4] [0,6] [3,7] [0,2] [0,6] [6,7] [5,7] [0,7]
Token  12: [6,7] [3,6] [4,7] [0,2] [0,2] [6,7] [1,5] [5,6] [1,7] [3,4] [1,2] [6,7] [0,5] [1,3] [0,3] [0,2] [3,4] [5,7] [1,7] [1,5] [4,6] [4,6] [0,1] [0,6] [0,1] [1,3] [2,6] [0,4] [0,4] [1,7] [5,7] [0,2]
Token  13: [0,4] [0,6] [0,6] [3,5] [1,5] [2,3] [5,7] [5,6] [1,7] [4,7] [0,2] [0,4] [3,7] [2,3] [0,2] [0,5] [2,5] [2,4] [2,5] [0,6] [2,6] [0,2] [0,3] [0,6] [1,5] [1,5] [2,4] [0,7] [0,3] [5,7] [4,7] [2,6]
Token  14: [3,5] [2,5] [1,5] [0,2] [6,7] [1,7] [0,2] [4,6] [2,7] [3,4] [0,6] [2,3] [0,3] [1,2] [2,7] [2,3] [3,7] [3,7] [1,3] [0,1] [2,6] [5,7] [1,2] [0,2] [1,3] [6,7] [2,3] [1,3] [3,5] [0,1] [3,5] [2,7]
Token  15: [2,5] [2,4] [1,3] [0,3] [4,6] [1,7] [1,6] [2,5] [3,4] [0,6] [0,3] [1,4] [4,6] [0,6] [4,7] [0,5] [6,7] [5,6] [0,4] [4,6] [3,5] [1,6] [0,1] [2,3] [5,6] [0,7] [3,5] [0,2] [3,6] [1,7] [5,7] [2,7]
Token  16: [6,7] [4,5] [3,4] [1,2] [0,2] [5,6] [1,5] [2,5] [1,7] [4,7] [2,7] [0,7] [1,2] [0,3] [4,5] [2,4] [0,5] [5,7] [1,7] [2,3] [1,2] [0,7] [2,3] [3,4] [1,5] [5,7] [1,2] [0,2] [0,6] [2,7] [5,7] [2,7]
Token  17: [4,7] [2,4] [1,3] [5,6] [0,1] [1,7] [5,7] [2,6] [1,5] [6,7] [1,2] [2,4] [0,1] [0,4] [4,5] [2,5] [4,5] [3,6] [0,7] [1,7] [1,2] [6,7] [0,2] [3,4] [1,5] [4,7] [1,5] [1,2] [2,6] [6,7] [5,7] [1,5]
Token  18: [4,7] [4,5] [0,2] [1,6] [0,1] [2,6] [5,7] [2,6] [1,6] [3,4] [1,2] [2,7] [0,1] [2,7] [0,3] [0,1] [3,4] [0,5] [2,7] [2,5] [3,6] [2,6] [3,6] [5,6] [6,7] [1,6] [1,6] [0,3] [0,4] [1,2] [2,6] [0,4]
Token  19: [0,4] [4,6] [0,7] [3,5] [0,5] [2,3] [5,7] [5,6] [5,7] [3,4] [0,5] [0,4] [3,7] [2,4] [0,4] [0,5] [2,5] [2,4] [2,5] [0,7] [2,6] [2,6] [0,3] [1,6] [1,7] [1,5] [2,4] [2,7] [3,7] [4,5] [4,6] [4,6]
Token  20: [3,5] [0,2] [4,7] [3,4] [3,6] [3,7] [1,7] [0,5] [5,7] [3,4] [0,2] [4,7] [3,7] [2,4] [1,5] [2,6] [5,6] [2,4] [5,7] [0,7] [4,6] [2,6] [3,5] [1,2] [0,1] [0,5] [1,4] [2,6] [2,7] [3,5] [4,6] [4,6]
Token  21: [3,7] [2,4] [2,6] [2,7] [2,7] [0,4] [0,2] [0,5] [2,7] [3,4] [4,7] [0,1] [1,2] [0,4] [1,5] [2,5] [5,7] [1,5] [1,5] [0,6] [4,6] [6,7] [1,5] [2,7] [0,7] [3,4] [3,7] [6,7] [2,4] [3,4] [3,7] [2,7]
Token  22: [2,5] [3,5] [0,2] [2,4] [2,6] [0,4] [1,4] [1,5] [1,6] [4,5] [2,3] [2,7] [0,2] [1,7] [3,6] [1,7] [0,1] [3,5] [3,5] [1,3] [1,7] [3,7] [2,3] [2,7] [5,6] [0,2] [1,5] [4,6] [2,5] [1,2] [3,5] [1,5]
Token  23: [1,5] [2,6] [0,5] [4,7] [2,4] [4,7] [1,5] [1,5] [1,6] [4,5] [2,3] [2,5] [0,2] [2,7] [3,4] [2,7] [0,7] [0,5] [1,2] [2,5] [4,6] [2,6] [3,6] [1,3] [5,6] [6,7] [1,6] [0,3] [0,4] [1,2] [2,6] [0,4]
Token  24: [1,7] [0,3] [3,5] [2,4] [2,6] [1,7] [4,7] [5,7] [5,7] [3,4] [4,7] [0,1] [1,2] [0,3] [4,5] [2,5] [5,6] [5,7] [1,7] [1,7] [2,4] [1,7] [0,6] [2,3] [5,6] [3,5] [2,3] [4,6] [0,6] [3,5] [5,7] [2,7]
Token  25: [5,7] [5,7] [2,4] [6,7] [1,4] [2,6] [1,5] [5,6] [1,7] [3,4] [0,2] [2,7] [0,5] [1,3] [3,6] [2,7] [0,6] [5,7] [2,7] [1,5] [2,6] [4,7] [0,2] [2,6] [1,6] [1,3] [2,3] [3,6] [1,6] [2,7] [5,7] [2,4]
Token  26: [1,2] [1,4] [4,5] [4,7] [0,1] [4,5] [4,7] [5,7] [1,7] [3,4] [4,7] [0,1] [2,5] [0,3] [4,5] [2,4] [5,6] [4,7] [1,7] [1,3] [2,4] [1,7] [0,2] [2,3] [0,6] [3,5] [1,3] [1,6] [3,6] [2,7] [5,7] [2,7]
Token  27: [1,2] [3,6] [4,6] [5,7] [1,2] [4,6] [1,5] [1,6] [1,7] [3,4] [1,2] [6,7] [0,5] [1,3] [0,3] [0,2] [3,4] [5,7] [2,7] [1,5] [4,6] [2,4] [0,1] [0,6] [0,1] [0,1] [2,6] [0,4] [0,6] [1,7] [5,7] [0,2]
Token  28: [6,7] [3,6] [4,6] [0,5] [2,7] [5,6] [1,5] [5,6] [1,7] [3,4] [1,2] [6,7] [0,5] [1,3] [0,3] [0,2] [3,4] [5,7] [2,7] [1,5] [4,6] [2,4] [0,3] [5,6] [0,1] [1,3] [1,6] [0,4] [0,4] [1,7] [6,7] [0,4]
Token  29: [0,4] [0,6] [0,6] [3,7] [1,5] [2,3] [5,7] [5,6] [5,7] [3,4] [0,2] [0,4] [0,3] [2,7] [0,4] [0,5] [2,5] [2,4] [2,5] [0,2] [2,6] [2,7] [3,5] [0,6] [0,5] [1,5] [2,6] [0,7] [3,7] [5,7] [4,6] [2,4]
Token  30: [3,5] [2,5] [5,7] [0,2] [6,7] [1,6] [0,4] [4,5] [2,6] [3,4] [0,6] [0,3] [0,4] [0,2] [2,7] [3,5] [3,5] [6,7] [4,7] [0,1] [2,4] [3,7] [0,5] [4,6] [2,3] [2,7] [2,3] [1,7] [3,5] [0,1] [3,5] [2,7]
Token  31: [2,5] [2,3] [3,7] [0,3] [4,6] [1,7] [1,2] [2,5] [3,4] [6,7] [0,3] [4,5] [2,4] [0,7] [4,7] [0,5] [6,7] [5,6] [0,4] [4,6] [4,5] [1,6] [0,7] [3,7] [1,5] [5,7] [3,5] [2,6] [0,5] [0,1] [5,7] [2,7]
Token  32: [6,7] [3,5] [4,7] [1,7] [0,2] [5,6] [1,5] [2,5] [1,7] [3,4] [2,7] [0,7] [1,2] [0,3] [4,5] [2,4] [0,5] [4,7] [1,7] [2,3] [1,2] [0,7] [2,3] [3,4] [1,5] [3,5] [0,2] [0,1] [0,6] [2,7] [5,7] [2,7]
Token  33: [4,7] [2,4] [0,1] [5,6] [0,1] [1,7] [2,7] [2,6] [4,5] [6,7] [0,1] [1,4] [0,2] [0,7] [4,5] [0,5] [5,7] [6,7] [0,7] [1,3] [1,2] [1,7] [0,2] [3,4] [1,5] [4,7] [1,5] [1,2] [2,6] [0,7] [5,7] [1,5]
Token  34: [4,7] [4,5] [0,2] [1,6] [0,1] [2,6] [5,7] [5,6] [1,7] [3,4] [1,2] [2,4] [0,1] [2,7] [0,3] [0,1] [3,7] [0,5] [2,7] [2,5] [3,6] [6,7] [3,6] [5,6] [6,7] [1,4] [1,6] [0,3] [0,4] [1,2] [2,6] [0,4]
Token  35: [4,7] [6,7] [0,7] [3,5] [1,5] [2,3] [5,6] [5,6] [5,7] [4,6] [0,2] [2,4] [3,7] [2,4] [0,4] [0,2] [5,6] [4,7] [0,1] [5,7] [4,6] [1,2] [5,6] [2,7] [5,6] [1,5] [0,5] [2,7] [1,3] [4,5] [0,4] [2,7]
Token  36: [3,5] [0,5] [1,2] [3,5] [4,5] [4,5] [4,7] [2,6] [4,5] [4,7] [0,1] [2,4] [0,3] [2,7] [1,4] [2,4] [3,6] [2,4] [6,7] [0,3] [2,7] [0,2] [3,4] [1,6] [1,2] [0,5] [4,6] [1,2] [6,7] [2,6] [2,4] [0,6]
Token  37: [4,6] [2,3] [5,6] [2,5] [2,5] [0,2] [2,4] [0,6] [4,7] [4,7] [0,2] [0,6] [1,5] [2,5] [4,5] [2,3] [5,6] [1,4] [5,6] [4,6] [0,6] [2,6] [3,5] [1,3] [2,3] [5,7] [2,6] [2,5] [2,7] [0,2] [1,4] [4,6]
Token  38: [4,6] [3,4] [2,6] [0,5] [4,6] [0,2] [4,7] [6,7] [1,7] [3,4] [2,5] [0,6] [1,2] [3,5] [3,4] [2,3] [1,7] [0,1] [2,4] [0,5] [4,6] [2,6] [3,6] [1,2] [0,5] [4,7] [1,6] [0,3] [0,4] [0,2] [2,6] [0,4]
Token  39: [4,7] [0,7] [0,3] [4,5] [2,7] [0,4] [0,4] [1,7] [2,7] [3,4] [4,7] [0,1] [1,2] [0,4] [1,5] [5,6] [5,7] [1,5] [1,5] [0,3] [4,6] [6,7] [0,5] [2,7] [0,7] [3,4] [3,7] [6,7] [2,4] [3,4] [3,4] [2,7]
Token  40: [2,5] [4,5] [0,5] [6,7] [2,4] [3,4] [1,5] [1,5] [2,6] [4,5] [1,2] [2,5] [0,2] [2,7] [3,4] [2,7] [0,7] [0,2] [1,2] [2,5] [4,6] [2,6] [3,6] [1,3] [5,6] [4,7] [0,1] [0,3] [0,4] [0,2] [2,6] [0,4]
Token  41: [1,7] [0,3] [3,5] [4,5] [2,6] [1,7] [4,7] [1,7] [5,7] [3,4] [4,7] [0,1] [2,5] [0,3] [4,5] [2,4] [5,6] [5,7] [1,7] [1,3] [3,4] [6,7] [0,6] [2,7] [5,6] [3,5] [2,3] [4,6] [0,6] [3,5] [5,7] [2,7]
Token  42: [5,7] [5,7] [2,4] [6,7] [1,4] [2,6] [1,5] [5,6] [1,7] [3,4] [2,6] [2,7] [0,5] [1,3] [4,6] [1,2] [0,6] [4,7] [1,7] [1,5] [2,6] [4,7] [2,6] [2,6] [1,6] [1,3] [2,3] [3,6] [1,6] [2,7] [6,7] [4,7]
Token  43: [0,2] [1,4] [4,5] [4,7] [0,1] [4,5] [1,4] [5,7] [1,7] [3,4] [4,7] [1,7] [2,5] [0,3] [4,5] [2,4] [5,6] [2,4] [1,7] [1,3] [1,3] [1,7] [1,2] [2,3] [5,6] [3,4] [3,7] [1,6] [3,6] [2,7] [5,7] [2,7]
Token  44: [1,2] [2,6] [3,5] [0,4] [4,6] [1,7] [1,2] [2,5] [3,4] [5,7] [0,3] [4,5] [2,4] [0,7] [4,7] [0,5] [3,6] [4,6] [4,7] [1,3] [0,2] [2,7] [1,2] [3,4] [6,7] [0,6] [3,7] [2,7] [0,6] [6,7] [5,7] [0,7]
Token  45: [4,6] [3,6] [4,6] [0,1] [0,5] [6,7] [1,5] [5,6] [1,7] [3,4] [0,2] [6,7] [0,5] [1,3] [0,3] [0,2] [3,4] [0,5] [2,7] [1,5] [4,6] [2,4] [0,3] [5,6] [0,1] [1,3] [1,6] [0,4] [0,4] [1,7] [6,7] [0,4]
Token  46: [0,4] [0,6] [0,6] [3,5] [1,5] [2,3] [1,5] [1,5] [1,5] [3,5] [0,2] [0,4] [0,3] [2,7] [0,2] [0,5] [2,5] [2,4] [2,5] [0,2] [4,6] [2,7] [3,5] [1,6] [5,6] [3,5] [1,2] [0,7] [3,7] [5,7] [4,6] [2,4]
Token  47: [3,5] [2,5] [5,7] [0,2] [6,7] [1,6] [0,4] [4,5] [2,4] [1,4] [0,6] [2,4] [4,6] [0,2] [5,7] [0,5] [5,7] [0,6] [1,4] [2,7] [5,6] [1,7] [0,6] [1,3] [0,6] [2,7] [1,5] [2,7] [3,5] [0,1] [5,7] [2,7]
Token  48: [2,5] [2,3] [1,3] [0,3] [4,6] [1,7] [0,1] [2,5] [4,6] [0,6] [0,1] [2,4] [0,6] [0,2] [4,7] [0,5] [0,7] [5,6] [1,4] [2,4] [3,4] [1,6] [0,1] [2,3] [5,6] [0,7] [3,5] [0,2] [3,6] [1,4] [3,5] [4,7]
Token  49: [6,7] [3,5] [4,7] [1,7] [0,2] [5,6] [1,5] [2,5] [1,7] [3,4] [2,7] [0,7] [1,2] [0,3] [4,5] [2,4] [0,5] [4,7] [1,7] [2,3] [1,2] [0,7] [2,3] [3,4] [1,5] [3,5] [0,2] [0,1] [0,6] [2,7] [5,7] [2,7]
Token  50: [4,7] [2,4] [1,5] [1,6] [0,4] [1,7] [2,7] [2,6] [0,4] [6,7] [0,1] [2,4] [0,2] [4,7] [4,7] [2,5] [5,6] [3,6] [0,7] [1,7] [1,2] [3,7] [0,2] [3,4] [1,5] [4,7] [1,5] [1,2] [0,6] [0,7] [5,7] [1,5]
Token  51: [4,7] [4,5] [0,2] [1,6] [0,1] [2,6] [5,7] [5,6] [1,7] [3,4] [1,2] [2,7] [0,5] [2,7] [0,3] [0,1] [3,7] [0,5] [2,7] [2,5] [3,6] [2,6] [3,6] [5,6] [6,7] [1,4] [1,6] [0,3] [1,4] [1,2] [2,6] [0,4]
Token  52: [4,7] [6,7] [0,7] [3,5] [1,5] [2,3] [5,6] [5,6] [5,7] [4,5] [0,2] [2,4] [3,7] [2,4] [0,4] [0,2] [5,6] [4,5] [0,3] [5,7] [4,6] [2,5] [5,6] [2,7] [5,6] [1,5] [5,7] [1,7] [1,3] [4,5] [0,4] [2,7]
Token  53: [3,5] [0,3] [2,3] [3,7] [6,7] [5,6] [2,6] [0,7] [4,7] [4,6] [0,2] [0,1] [2,3] [2,3] [5,7] [0,3] [3,7] [2,5] [0,2] [1,4] [3,5] [0,1] [0,5] [0,7] [0,2] [1,5] [3,5] [5,6] [1,2] [3,6] [0,1] [5,7]
Token  54: [2,7] [1,2] [5,7] [3,5] [1,2] [1,4] [5,7] [2,6] [0,4] [4,7] [1,3] [4,6] [4,5] [2,5] [1,4] [2,4] [6,7] [2,4] [6,7] [0,3] [2,7] [0,2] [3,4] [1,6] [1,7] [0,5] [4,6] [2,7] [6,7] [1,6] [2,4] [0,6]
Token  55: [0,1] [2,7] [6,7] [3,5] [2,5] [1,2] [2,4] [0,6] [4,7] [4,7] [2,7] [0,6] [1,5] [2,5] [4,5] [2,3] [5,6] [1,4] [5,6] [4,6] [0,6] [2,6] [3,5] [1,3] [2,3] [5,7] [2,6] [2,5] [2,7] [0,2] [1,4] [4,6]
Token  56: [6,7] [1,4] [5,6] [0,5] [4,6] [0,2] [4,7] [6,7] [1,7] [3,4] [2,5] [0,6] [1,2] [3,5] [4,5] [2,3] [1,7] [0,1] [3,4] [5,6] [4,6] [2,6] [0,6] [1,2] [3,5] [4,7] [1,5] [0,6] [0,4] [0,2] [2,6] [0,4]
Token  57: [4,7] [0,3] [2,3] [4,5] [2,6] [1,7] [4,7] [1,7] [5,7] [3,5] [4,7] [0,1] [1,2] [0,4] [1,5] [2,6] [6,7] [1,5] [1,6] [4,6] [5,6] [6,7] [0,5] [2,7] [0,4] [3,5] [0,5] [4,6] [1,2] [3,4] [3,7] [2,7]
Token  58: [5,7] [3,4] [1,5] [1,2] [3,6] [5,7] [0,7] [1,7] [0,4] [0,5] [3,7] [0,2] [0,2] [3,6] [5,7] [0,3] [3,7] [0,5] [0,2] [2,4] [5,6] [0,2] [0,5] [1,7] [0,2] [3,5] [0,5] [2,6] [1,2] [3,6] [1,7] [5,7]
Token  59: [2,5] [3,5] [0,3] [1,3] [4,5] [1,4] [2,7] [1,4] [0,4] [0,5] [3,7] [2,7] [2,4] [6,7] [5,6] [1,3] [0,1] [3,7] [5,7] [2,6] [2,6] [1,6] [1,5] [1,7] [3,7] [2,6] [0,7] [4,6] [3,6] [2,7] [5,6] [1,5]
Token  60: [0,1] [4,5] [0,4] [3,5] [1,7] [0,4] [5,7] [1,3] [4,5] [4,5] [3,7] [2,7] [0,2] [0,6] [5,6] [1,2] [0,7] [5,7] [4,5] [2,6] [3,6] [1,2] [1,4] [3,4] [2,7] [2,7] [0,7] [1,2] [4,6] [1,7] [5,7] [1,5]
Token  61: [1,7] [1,4] [5,7] [2,4] [1,3] [0,5] [4,7] [1,7] [0,4] [5,6] [3,7] [2,5] [0,2] [6,7] [0,3] [3,7] [0,7] [0,2] [2,4] [1,2] [1,6] [2,3] [3,6] [1,3] [0,5] [3,7] [0,1] [0,2] [0,4] [1,2] [2,6] [0,4]
Token  62: [1,7] [0,3] [3,5] [4,5] [2,6] [1,7] [4,7] [1,7] [5,7] [3,4] [4,7] [0,1] [2,5] [0,3] [1,4] [2,3] [5,6] [5,7] [1,6] [1,6] [4,6] [6,7] [1,6] [2,7] [0,1] [3,5] [0,7] [4,7] [0,6] [3,5] [3,7] [2,7]
Token  63: [5,7] [5,7] [2,4] [6,7] [1,4] [2,6] [1,5] [5,6] [1,7] [3,4] [1,2] [2,7] [0,5] [0,3] [5,6] [2,3] [0,6] [5,7] [1,7] [1,5] [2,6] [4,7] [1,2] [2,6] [1,6] [1,3] [1,2] [3,6] [1,6] [2,7] [6,7] [0,4]
Token  64: [1,2] [1,4] [4,5] [4,7] [0,1] [4,5] [1,4] [5,7] [1,7] [3,4] [4,7] [1,7] [2,5] [0,3] [4,5] [2,3] [5,6] [4,7] [1,7] [1,3] [2,5] [2,7] [2,6] [4,7] [1,6] [3,6] [3,7] [6,7] [0,6] [2,7] [5,7] [2,7]
Token  65: [1,2] [2,6] [3,4] [0,2] [4,7] [5,7] [2,7] [2,5] [0,4] [6,7] [0,3] [4,5] [2,4] [0,7] [4,6] [0,3] [6,7] [3,6] [4,7] [1,3] [0,2] [2,7] [1,2] [3,4] [1,4] [0,6] [3,7] [1,2] [0,6] [6,7] [5,7] [0,7]
Token  66: [6,7] [5,6] [3,4] [0,7] [0,5] [1,6] [1,5] [5,6] [1,7] [3,4] [1,2] [6,7] [0,5] [1,3] [0,3] [0,2] [3,4] [5,7] [2,7] [1,5] [4,6] [2,4] [0,1] [5,6] [0,1] [1,3] [2,6] [0,4] [0,4] [1,7] [5,7] [0,4]
Token  67: [0,4] [0,6] [0,6] [3,5] [1,5] [2,3] [5,7] [5,7] [5,7] [3,5] [0,2] [0,4] [0,3] [4,7] [0,3] [0,5] [2,5] [2,4] [2,5] [2,6] [2,6] [2,5] [3,6] [0,6] [1,5] [1,5] [2,6] [0,7] [0,7] [5,7] [4,6] [2,4]
Token  68: [3,5] [2,5] [5,7] [0,2] [6,7] [1,3] [0,2] [4,5] [2,7] [4,7] [0,6] [2,4] [3,4] [2,4] [4,7] [0,5] [5,7] [6,7] [0,1] [4,7] [3,4] [1,7] [0,5] [0,3] [5,6] [0,7] [3,5] [1,7] [3,5] [1,3] [5,7] [4,7]
Token  69: [2,5] [2,4] [3,7] [0,3] [4,6] [1,7] [1,6] [2,5] [3,4] [1,6] [0,3] [1,4] [4,6] [0,6] [4,7] [0,1] [5,7] [6,7] [0,1] [4,6] [4,5] [1,6] [0,7] [3,7] [5,6] [0,7] [3,5] [2,6] [0,5] [1,3] [5,7] [4,7]
Token  70: [6,7] [4,5] [3,4] [1,7] [0,2] [5,6] [1,5] [2,5] [1,7] [3,7] [2,7] [0,7] [1,5] [0,3] [4,5] [2,4] [0,5] [4,7] [1,7] [2,3] [1,2] [5,7] [2,3] [3,4] [1,5] [3,5] [0,3] [0,2] [1,6] [2,7] [5,7] [2,7]
Token  71: [4,7] [2,4] [1,5] [1,6] [0,4] [1,7] [2,7] [2,6] [4,5] [6,7] [0,1] [1,4] [0,2] [0,7] [4,5] [2,3] [3,5] [3,6] [1,7] [1,3] [1,2] [2,7] [0,2] [3,4] [0,1] [4,7] [1,5] [0,2] [2,6] [0,7] [5,6] [1,5]
Token  72: [4,7] [4,5] [0,2] [1,6] [0,1] [2,6] [5,7] [5,6] [1,7] [3,4] [1,2] [2,7] [0,5] [2,7] [0,3] [0,1] [3,7] [0,5] [2,7] [2,5] [3,6] [2,6] [3,6] [5,6] [1,7] [1,4] [1,6] [0,3] [0,4] [1,2] [2,6] [0,4]
Token  73: [4,7] [6,7] [0,7] [3,5] [1,5] [2,3] [5,6] [5,6] [5,7] [4,5] [0,2] [4,5] [1,3] [2,4] [0,4] [0,2] [5,6] [4,5] [0,3] [5,7] [4,6] [2,5] [5,6] [2,7] [0,5] [1,5] [5,7] [1,7] [1,3] [4,5] [0,4] [2,7]
Token  74: [0,7] [6,7] [1,5] [2,3] [6,7] [1,3] [0,1] [4,5] [2,7] [2,4] [0,2] [0,2] [3,4] [1,2] [2,7] [2,4] [3,7] [3,7] [1,7] [0,1] [2,6] [2,5] [1,2] [0,2] [1,3] [6,7] [2,3] [1,4] [3,5] [0,1] [0,5] [2,3]
Token  75: [5,6] [1,6] [6,7] [3,4] [1,6] [3,6] [0,2] [5,6] [0,4] [4,7] [0,7] [2,4] [1,3] [2,4] [0,4] [2,4] [5,6] [4,7] [0,3] [5,7] [4,6] [2,5] [4,5] [3,6] [5,7] [1,3] [2,5] [1,7] [3,7] [3,5] [0,4] [2,7]
Token  76: [0,6] [5,7] [4,5] [4,5] [6,7] [0,7] [1,4] [4,5] [4,6] [1,4] [0,3] [0,2] [3,6] [2,6] [1,4] [4,7] [4,5] [3,7] [0,3] [1,5] [1,4] [0,2] [1,5] [2,7] [2,5] [1,7] [4,7] [1,7] [0,3] [3,5] [0,7] [2,7]
Token  77: [2,6] [5,7] [0,4] [3,5] [2,5] [1,4] [5,7] [4,6] [0,4] [4,7] [3,5] [2,7] [4,5] [0,2] [4,7] [3,4] [0,1] [5,7] [5,7] [2,5] [1,4] [0,5] [4,5] [3,6] [0,7] [3,6] [3,7] [1,5] [5,6] [1,6] [2,7] [1,5]
Token  78: [0,1] [1,5] [0,4] [0,1] [4,5] [1,4] [2,7] [4,6] [3,4] [5,6] [3,5] [5,7] [4,5] [5,7] [0,4] [2,4] [0,1] [0,2] [6,7] [2,5] [1,2] [2,7] [1,5] [1,3] [0,3] [6,7] [1,4] [1,6] [1,5] [1,7] [2,7] [0,1]
Token  79: [0,1] [6,7] [0,3] [3,5] [4,5] [0,1] [2,5] [2,5] [0,3] [1,5] [0,3] [4,5] [4,6] [0,7] [4,7] [0,5] [5,7] [2,6] [0,4] [4,6] [1,4] [1,6] [0,7] [3,7] [1,5] [1,7] [3,5] [2,6] [0,5] [1,7] [5,7] [2,3]
Token  80: [5,6] [1,7] [1,3] [3,5] [1,7] [0,3] [2,4] [5,6] [0,4] [5,6] [0,2] [1,7] [3,6] [2,5] [2,4] [1,4] [5,6] [4,7] [0,3] [5,7] [0,4] [0,5] [4,5] [3,4] [4,5] [1,6] [2,3] [1,7] [1,3] [4,5] [0,4] [2,5]
Token  81: [5,6] [0,7] [3,6] [3,7] [0,6] [5,6] [2,7] [0,6] [3,4] [4,6] [0,2] [1,4] [3,6] [2,5] [4,7] [0,3] [1,3] [2,5] [0,2] [1,4] [3,5] [0,5] [0,5] [4,7] [0,1] [1,6] [3,5] [1,6] [1,2] [3,6] [0,1] [3,5]
Token  82: [2,7] [1,2] [5,7] [3,5] [2,4] [1,4] [5,7] [2,6] [0,4] [4,7] [1,3] [2,4] [4,6] [2,7] [1,4] [1,4] [0,1] [2,5] [6,7] [0,3] [2,7] [0,3] [4,5] [1,6] [1,7] [0,6] [4,6] [1,2] [6,7] [1,6] [2,4] [0,6]
Token  83: [0,1] [1,5] [4,5] [0,1] [4,5] [1,4] [2,7] [4,6] [3,4] [5,7] [3,5] [2,5] [4,5] [2,7] [3,4] [2,4] [0,1] [0,2] [6,7] [2,5] [1,2] [0,7] [4,5] [1,3] [1,6] [1,6] [4,6] [2,6] [2,7] [1,6] [2,4] [0,6]
Token  84: [1,5] [6,7] [2,6] [2,6] [3,7] [1,4] [2,5] [1,6] [0,5] [0,4] [4,7] [0,1] [5,6] [0,4] [1,5] [1,6] [5,7] [5,7] [1,6] [4,7] [3,4] [1,3] [0,5] [0,3] [5,6] [5,7] [3,5] [1,7] [3,4] [4,5] [4,7] [2,7]
Token  85: [0,7] [5,7] [0,3] [1,3] [3,5] [0,1] [5,7] [2,6] [5,6] [0,6] [1,3] [2,4] [0,4] [0,2] [5,7] [1,5] [0,2] [3,7] [4,5] [1,3] [2,5] [1,4] [0,2] [3,6] [0,5] [2,6] [4,7] [2,5] [2,6] [0,3] [3,5] [1,5]
Token  86: [2,3] [4,5] [1,3] [1,6] [0,4] [0,1] [1,3] [3,5] [2,7] [2,6] [0,7] [2,7] [0,3] [0,1] [2,6] [0,5] [1,2] [3,6] [5,7] [0,1] [2,7] [1,4] [0,7] [4,7] [0,5] [0,4] [0,7] [4,7] [5,7] [0,2] [3,5] [1,5]
Token  87: [0,5] [5,6] [1,6] [1,7] [2,7] [0,1] [1,3] [0,5] [2,7] [2,6] [0,1] [5,7] [0,3] [0,1] [2,6] [0,7] [0,1] [3,6] [5,7] [0,7] [6,7] [1,3] [0,5] [2,3] [5,6] [0,2] [0,5] [4,5] [5,7] [1,2] [3,5] [1,5]
Token  88: [0,2] [5,7] [0,4] [1,3] [2,7] [0,4] [3,5] [2,6] [1,6] [1,6] [4,7] [1,7] [0,6] [0,3] [5,6] [0,7] [0,1] [2,5] [4,5] [1,2] [3,4] [1,4] [0,5] [0,3] [5,6] [0,7] [1,5] [6,7] [0,4] [1,7] [2,7] [1,2]
Token  89: [1,2] [0,3] [4,6] [1,7] [2,3] [4,7] [1,2] [2,5] [1,6] [4,6] [0,3] [4,7] [0,4] [0,1] [6,7] [0,5] [0,1] [3,6] [1,5] [0,1] [3,4] [1,6] [0,1] [1,3] [5,6] [0,7] [3,5] [2,6] [2,5] [1,2] [3,5] [1,4]
Token  90: [1,2] [0,7] [4,5] [0,1] [1,3] [0,6] [5,7] [2,6] [5,6] [0,6] [1,7] [1,5] [0,1] [0,2] [5,6] [1,7] [0,7] [0,7] [4,7] [5,7] [3,4] [1,7] [0,5] [0,3] [5,6] [2,7] [0,5] [2,7] [3,4] [1,7] [2,7] [0,2]
Token  91: [1,4] [0,7] [2,6] [0,1] [2,6] [5,6] [5,6] [5,6] [0,1] [5,6] [1,2] [1,5] [0,1] [1,3] [3,6] [0,7] [0,4] [0,5] [2,7] [0,3] [2,4] [3,4] [3,4] [1,6] [1,2] [0,1] [4,6] [1,2] [5,7] [1,6] [2,4] [0,6]
Token  92: [1,4] [0,3] [6,7] [0,3] [2,5] [0,1] [2,7] [0,6] [4,5] [4,6] [0,2] [4,6] [3,6] [5,7] [4,7] [1,2] [5,7] [1,4] [5,6] [4,6] [0,5] [2,6] [3,5] [1,5] [2,3] [5,7] [2,7] [1,5] [2,6] [0,2] [1,4] [4,6]
Token  93: [5,6] [0,4] [6,7] [1,7] [0,6] [5,6] [2,7] [6,7] [5,6] [1,4] [5,6] [6,7] [4,5] [4,5] [0,4] [1,4] [1,3] [0,1] [2,4] [1,5] [2,5] [0,6] [3,6] [5,6] [3,5] [4,7] [1,6] [3,6] [2,4] [3,6] [2,6] [0,4]
Token  94: [3,6] [2,3] [1,5] [2,4] [3,7] [0,6] [2,7] [1,4] [5,6] [0,3] [4,7] [0,1] [1,2] [0,4] [1,5] [1,6] [4,5] [1,3] [1,6] [4,7] [5,6] [3,6] [0,5] [1,7] [0,5] [5,7] [5,7] [4,7] [1,4] [3,4] [1,4] [2,7]
Token  95: [5,7] [5,7] [1,5] [1,6] [1,6] [4,5] [0,2] [0,7] [4,6] [5,7] [3,5] [1,4] [4,5] [6,7] [0,7] [1,7] [3,4] [0,1] [6,7] [2,7] [3,7] [6,7] [3,6] [1,5] [0,6] [3,4] [1,5] [1,2] [4,5] [0,6] [2,6] [0,4]
Token  96: [2,5] [2,3] [1,6] [4,6] [4,7] [0,4] [2,5] [1,4] [5,6] [0,4] [4,7] [0,1] [1,2] [0,4] [1,5] [1,6] [4,5] [1,5] [1,6] [4,7] [5,6] [3,6] [0,5] [2,3] [5,6] [5,7] [3,5] [1,7] [3,4] [4,5] [4,7] [2,7]
Token  97: [0,7] [3,7] [0,1] [1,6] [3,6] [5,6] [0,7] [1,6] [4,6] [0,5] [3,7] [0,1] [1,2] [1,6] [5,7] [0,3] [0,3] [0,5] [0,2] [0,4] [3,5] [0,4] [0,5] [0,7] [0,5] [5,7] [3,5] [5,6] [1,2] [3,6] [1,7] [5,7]
Token  98: [2,7] [1,3] [0,1] [0,7] [5,6] [1,3] [2,7] [5,6] [1,6] [1,5] [2,3] [1,2] [1,2] [1,6] [5,6] [1,7] [0,4] [5,6] [0,3] [1,4] [1,5] [0,4] [0,5] [0,3] [0,5] [2,6] [3,5] [5,7] [1,2] [6,7] [1,7] [3,5]
Token  99: [2,6] [4,5] [1,5] [0,5] [1,2] [1,4] [5,7] [2,6] [4,6] [1,7] [1,3] [4,5] [1,4] [2,7] [0,3] [1,7] [0,1] [0,2] [2,7] [2,3] [3,7] [0,3] [3,6] [1,6] [5,6] [3,4] [1,6] [0,2] [4,5] [1,2] [2,6] [0,4]
Token 100: [0,1] [3,6] [3,7] [2,4] [2,7] [0,4] [0,2] [5,6] [5,6] [0,4] [2,7] [0,1] [1,7] [0,4] [1,5] [5,6] [6,7] [1,5] [1,6] [4,6] [4,7] [4,6] [1,5] [2,7] [0,7] [3,4] [0,3] [6,7] [4,5] [3,4] [3,4] [2,7]
Token 101: [4,5] [3,4] [1,5] [2,6] [3,5] [6,7] [2,7] [3,5] [4,6] [1,4] [3,7] [0,2] [1,4] [1,6] [1,7] [0,3] [0,3] [0,5] [0,2] [1,4] [3,5] [0,4] [0,5] [0,3] [0,6] [2,6] [3,5] [5,7] [1,2] [3,6] [1,7] [3,5]
Token 102: [2,7] [1,2] [1,5] [0,3] [2,4] [2,6] [2,7] [5,6] [4,6] [1,4] [1,3] [2,4] [0,4] [2,7] [0,3] [1,7] [0,1] [0,2] [2,7] [0,3] [2,7] [0,3] [3,6] [1,6] [5,6] [4,7] [1,6] [0,2] [1,4] [1,2] [2,6] [0,4]
Token 103: [0,7] [6,7] [0,7] [3,5] [1,5] [0,3] [5,6] [5,6] [5,6] [5,6] [0,2] [1,4] [3,6] [4,7] [0,4] [0,5] [5,6] [4,5] [0,3] [5,7] [2,4] [1,5] [5,6] [3,4] [4,7] [1,3] [3,7] [6,7] [1,3] [4,5] [0,4] [2,7]
Token 104: [3,5] [0,3] [2,6] [2,3] [5,7] [5,6] [2,6] [0,6] [3,4] [5,6] [0,3] [1,4] [3,6] [2,3] [4,7] [0,3] [1,3] [2,5] [0,2] [1,4] [3,5] [0,1] [0,5] [3,7] [0,5] [5,7] [3,5] [2,6] [1,2] [3,6] [0,1] [3,5]
Token 105: [2,7] [2,3] [5,7] [3,5] [1,2] [1,4] [5,7] [2,6] [0,4] [4,7] [1,3] [4,6] [4,6] [2,3] [1,4] [2,4] [0,1] [2,5] [6,7] [0,3] [2,7] [0,3] [4,5] [1,6] [1,7] [0,6] [4,6] [1,2] [6,7] [1,6] [2,4] [0,6]
Token 106: [0,1] [2,7] [6,7] [3,5] [2,5] [1,6] [2,4] [0,6] [4,5] [4,7] [0,2] [0,6] [5,6] [3,5] [4,7] [2,3] [5,7] [1,4] [5,6] [4,6] [0,5] [2,6] [3,5] [1,5] [0,3] [2,5] [2,7] [2,5] [2,7] [0,2] [1,4] [4,6]
Token 107: [4,6] [3,4] [1,6] [5,7] [3,5] [3,6] [0,7] [4,6] [5,6] [4,5] [3,4] [0,6] [6,7] [5,6] [4,7] [1,4] [0,1] [6,7] [0,2] [4,6] [0,5] [2,4] [0,5] [1,3] [0,5] [2,5] [5,7] [5,6] [1,3] [3,6] [1,3] [1,3]
Token 108: [2,3] [2,4] [1,3] [6,7] [1,4] [4,7] [1,2] [5,7] [0,3] [5,6] [0,3] [5,7] [2,7] [0,1] [4,6] [0,3] [0,1] [3,6] [1,5] [1,6] [0,4] [0,7] [1,4] [1,3] [5,6] [2,7] [1,5] [4,6] [5,7] [2,6] [3,5] [1,5]
Token 109: [3,7] [1,4] [2,5] [6,7] [1,7] [4,5] [2,3] [2,5] [0,6] [5,6] [3,5] [5,7] [2,5] [5,6] [5,6] [1,5] [0,1] [2,5] [0,3] [2,7] [3,5] [2,4] [4,5] [3,5] [5,6] [2,7] [5,7] [5,6] [0,4] [1,7] [5,7] [3,5]
Token 110: [1,4] [3,5] [1,2] [5,7] [6,7] [1,4] [3,5] [3,5] [3,6] [4,5] [0,3] [5,7] [2,4] [1,2] [2,6] [1,3] [0,1] [6,7] [5,7] [2,6] [1,7] [2,6] [3,5] [0,3] [6,7] [2,3] [1,7] [3,6] [4,5] [1,7] [5,7] [1,3]
Token 111: [0,1] [4,5] [2,4] [0,1] [6,7] [1,4] [4,5] [4,5] [2,7] [3,4] [0,6] [0,3] [4,6] [0,2] [0,2] [2,5] [3,5] [6,7] [4,7] [0,1] [2,4] [3,5] [5,7] [2,5] [3,4] [2,6] [3,5] [1,5] [3,5] [6,7] [0,5] [1,5]
Token 112: [1,3] [3,5] [1,6] [1,5] [4,7] [1,4] [2,5] [2,5] [3,4] [0,7] [0,1] [4,5] [4,6] [0,7] [5,7] [0,5] [5,7] [6,7] [0,4] [4,6] [4,5] [1,6] [0,1] [0,3] [5,6] [3,7] [3,5] [2,6] [3,5] [1,7] [2,5] [1,3]
Token 113: [3,6] [3,6] [5,6] [1,7] [1,7] [2,4] [5,6] [2,5] [0,6] [4,7] [0,3] [5,7] [0,5] [2,6] [3,5] [1,7] [0,7] [2,5] [4,7] [2,7] [3,5] [2,4] [4,5] [3,4] [5,6] [2,3] [5,7] [6,7] [0,4] [1,7] [2,7] [1,3]
Token 114: [4,7] [3,7] [2,5] [3,5] [1,7] [1,4] [5,7] [2,6] [5,6] [4,7] [1,3] [5,7] [4,7] [2,7] [3,4] [1,7] [0,1] [0,2] [2,7] [2,3] [2,3] [2,3] [3,4] [1,6] [6,7] [2,3] [1,5] [1,2] [0,4] [0,2] [2,6] [0,4]
Token 115: [0,1] [0,6] [0,6] [3,4] [1,5] [1,3] [5,7] [1,6] [0,5] [5,6] [0,5] [0,4] [3,6] [4,7] [0,4] [0,5] [2,5] [2,4] [2,5] [0,3] [2,4] [2,3] [3,4] [1,6] [4,7] [2,5] [2,4] [2,7] [3,7] [2,5] [4,6] [4,6]
Token 116: [3,5] [0,5] [3,6] [4,6] [6,7] [1,2] [0,5] [0,5] [0,5] [4,6] [0,4] [4,7] [3,6] [3,4] [4,6] [5,6] [2,5] [4,5] [1,3] [4,5] [2,4] [0,2] [0,5] [4,7] [0,3] [2,6] [5,7] [4,6] [1,2] [3,4] [1,3] [3,6]
Token 117: [5,7] [0,7] [2,6] [4,6] [3,7] [1,6] [4,6] [0,7] [3,6] [1,5] [3,5] [0,1] [6,7] [3,6] [4,7] [3,4] [0,3] [6,7] [0,2] [3,4] [5,6] [0,3] [0,5] [3,7] [0,5] [5,6] [3,5] [5,6] [1,3] [3,6] [1,4] [1,5]
Token 118: [3,5] [1,3] [1,2] [4,7] [2,3] [0,4] [2,4] [4,7] [1,3] [4,5] [2,3] [3,7] [2,6] [1,6] [4,6] [1,7] [0,3] [3,6] [3,7] [0,6] [0,1] [4,6] [1,7] [0,1] [0,1] [2,6] [1,2] [6,7] [2,3] [1,7] [5,7] [1,3]
Token 119: [0,3] [3,4] [1,2] [4,7] [4,7] [2,7] [1,2] [2,5] [0,3] [1,5] [0,3] [4,5] [4,6] [0,7] [4,7] [0,5] [6,7] [6,7] [0,4] [4,6] [4,5] [1,6] [0,7] [3,7] [1,5] [5,7] [3,5] [5,6] [0,5] [1,7] [0,5] [1,5]
Token 120: [1,3] [3,6] [4,5] [5,7] [4,6] [0,4] [1,7] [3,4] [5,6] [4,5] [0,3] [5,7] [2,6] [5,6] [3,6] [0,1] [4,7] [2,5] [0,4] [2,7] [2,6] [0,1] [0,5] [0,3] [5,6] [2,6] [5,7] [3,6] [0,4] [1,6] [3,7] [1,5]
Token 121: [1,4] [1,5] [2,5] [0,6] [1,5] [1,2] [1,3] [2,4] [0,3] [4,5] [0,3] [5,7] [2,4] [1,6] [3,6] [0,3] [0,1] [6,7] [1,7] [1,3] [4,5] [0,4] [2,4] [1,4] [6,7] [3,6] [4,6] [4,6] [4,5] [1,2] [5,7] [1,5]
Token 122: [2,3] [6,7] [2,5] [0,2] [1,7] [0,4] [5,7] [2,4] [3,5] [4,5] [1,3] [5,7] [0,5] [1,6] [3,5] [1,7] [0,7] [2,5] [2,4] [2,7] [1,5] [0,4] [4,5] [3,5] [5,6] [1,6] [3,5] [6,7] [0,4] [1,6] [2,7] [3,5]
Token 123: [1,4] [0,7] [1,2] [1,6] [0,4] [1,4] [2,3] [0,2] [3,4] [5,7] [3,5] [2,5] [2,4] [1,6] [4,5] [3,4] [0,1] [0,2] [4,7] [1,7] [1,3] [6,7] [4,5] [1,3] [1,6] [3,6] [0,1] [4,6] [4,5] [1,6] [2,5] [1,5]
Token 124: [1,7] [1,3] [4,5] [6,7] [2,7] [1,5] [2,7] [0,7] [4,6] [5,7] [1,3] [4,5] [0,4] [2,7] [0,3] [4,7] [1,7] [0,2] [2,6] [2,3] [1,7] [3,6] [3,6] [1,6] [2,6] [1,3] [1,4] [1,2] [0,4] [0,2] [2,6] [0,4]
Token 125: [0,7] [0,6] [0,7] [3,5] [1,5] [2,3] [5,6] [5,6] [0,5] [4,6] [0,5] [3,4] [3,6] [2,4] [0,4] [0,5] [5,6] [4,5] [0,3] [5,7] [0,4] [1,5] [5,6] [4,7] [0,4] [1,3] [3,7] [6,7] [1,3] [4,5] [0,4] [2,7]
Token 126: [3,5] [0,3] [2,6] [2,3] [6,7] [5,6] [2,6] [0,6] [3,4] [4,6] [0,2] [1,4] [3,6] [2,3] [4,7] [0,3] [3,5] [2,5] [0,2] [1,4] [3,5] [0,5] [0,5] [3,7] [0,5] [1,5] [3,5] [2,6] [1,2] [3,6] [0,1] [5,7]
Token 127: [2,7] [2,3] [5,7] [3,5] [1,2] [1,4] [5,7] [4,6] [0,4] [4,7] [1,3] [2,4] [4,5] [2,3] [1,4] [3,4] [0,2] [2,5] [6,7] [0,3] [2,7] [0,5] [4,5] [1,6] [1,7] [0,6] [4,6] [1,2] [6,7] [1,6] [2,4] [0,6]
