MODEL: mixtral_8x7b
TOKEN_COUNT: 128
ACTIVE_EXPERTS: 2
================================================================================
PROMPT TEXT:
Unlike its two predecessors , Valkyria Chronicles III was not released in the west . According to Sega , this was due to poor sales of Valkyria Chronicles II and the general unpopularity of the PSP in the west . An unofficial fan translation patch began development in February 2012 : players with a copy of Valkyria Chronicles III could download and apply the patch , which translated the game 's text into English . Compatible with the Extra Edition , the patch was released in January 2014 .
================================================================================
GENERATED TEXT:


## Valkyria Chronicles 3 Psp Iso

Valkyria Chronicles III is a tactical role-playing game set in a fictionalized version of Europe on the verge of World War II . The game is set in the same time period as the first two games , but follows a new cast of characters . The game 's story focuses on the Nameless , a group of soldiers in the Gallian militia 's 32nd Armored Ranger Company , who are given the most dangerous missions . The game 's story is told from the perspective of Kurt Irving
================================================================================
EXPERT TRACE (Per token, list of layer expert IDs):
================================================================================
Token   0: [3,7] [2,3] [0,2] [4,5] [4,5] [0,6] [1,4] [0,2] [1,6] [3,7] [2,4] [3,5] [2,6] [0,4] [2,6] [3,7] [3,7] [4,6] [0,7] [1,6] [3,6] [6,7] [2,3] [1,3] [2,7] [2,7] [0,7] [1,4] [2,5] [0,3] [3,5] [3,6]
Token   1: [5,6] [6,7] [6,7] [2,3] [6,7] [3,6] [0,3] [5,6] [1,4] [4,7] [0,4] [2,4] [0,3] [2,4] [4,7] [2,4] [5,7] [3,7] [1,4] [1,5] [2,4] [3,5] [2,4] [0,6] [1,7] [1,2] [0,2] [1,7] [3,5] [3,5] [0,4] [2,7]
Token   2: [5,6] [5,7] [4,5] [0,4] [6,7] [0,7] [1,4] [4,5] [4,6] [1,4] [0,3] [0,2] [3,6] [2,6] [1,4] [2,4] [4,7] [3,7] [0,7] [1,5] [1,4] [0,2] [1,5] [2,7] [2,5] [1,7] [4,7] [1,7] [0,3] [3,5] [0,7] [2,7]
Token   3: [2,6] [2,7] [0,3] [1,3] [5,6] [1,7] [2,7] [2,6] [4,6] [0,6] [3,7] [1,2] [1,3] [0,2] [1,7] [2,3] [0,2] [3,7] [0,4] [1,3] [2,5] [1,4] [0,2] [6,7] [0,3] [2,6] [1,4] [2,5] [2,6] [0,3] [3,5] [1,5]
Token   4: [2,3] [4,5] [1,3] [1,6] [0,5] [0,1] [1,3] [2,5] [2,6] [0,6] [1,7] [2,7] [0,5] [0,1] [2,6] [1,5] [1,2] [3,6] [5,7] [0,1] [2,7] [1,4] [0,7] [4,7] [0,5] [0,4] [0,5] [4,7] [5,7] [1,2] [3,5] [1,5]
Token   5: [0,5] [5,6] [1,6] [1,7] [2,7] [0,1] [0,3] [0,5] [2,7] [2,6] [0,1] [5,7] [0,4] [0,1] [2,6] [0,7] [1,2] [3,6] [5,7] [0,7] [6,7] [1,3] [0,5] [2,3] [5,6] [0,2] [0,5] [4,5] [5,7] [1,2] [3,5] [1,5]
Token   6: [0,1] [5,7] [0,3] [1,3] [2,7] [0,4] [3,5] [2,6] [1,6] [1,6] [4,7] [1,7] [0,5] [0,3] [5,6] [0,7] [0,1] [2,5] [4,5] [1,2] [3,4] [1,4] [0,5] [2,3] [5,6] [0,7] [1,5] [6,7] [0,4] [1,7] [2,7] [1,7]
Token   7: [0,1] [0,3] [4,6] [0,1] [2,3] [4,7] [1,2] [2,5] [1,6] [4,6] [0,3] [1,7] [0,4] [0,1] [6,7] [0,5] [0,1] [3,6] [1,5] [1,3] [3,4] [1,6] [0,1] [1,3] [5,6] [0,7] [3,5] [2,6] [2,5] [1,2] [3,5] [1,5]
Token   8: [1,2] [0,7] [4,5] [0,1] [1,3] [0,6] [5,7] [2,6] [5,6] [0,6] [1,7] [1,2] [0,5] [0,2] [5,6] [1,7] [0,7] [0,5] [4,7] [1,5] [3,4] [1,7] [0,5] [0,3] [5,6] [1,7] [1,5] [1,2] [0,3] [1,7] [2,7] [2,7]
Token   9: [1,4] [0,7] [2,4] [0,3] [2,3] [1,7] [2,5] [5,6] [1,6] [0,5] [3,7] [1,2] [0,3] [0,1] [1,5] [1,2] [0,6] [0,7] [1,3] [2,3] [3,4] [1,7] [0,5] [0,3] [5,6] [0,7] [1,5] [1,6] [3,6] [1,7] [5,7] [2,7]
Token  10: [1,2] [0,6] [2,6] [0,1] [2,6] [3,6] [5,6] [5,6] [0,1] [5,6] [1,2] [1,5] [0,1] [0,1] [3,6] [1,7] [0,7] [0,5] [4,7] [1,5] [1,4] [0,1] [0,5] [0,7] [0,5] [1,4] [1,5] [0,1] [3,6] [1,7] [2,7] [2,7]
Token  11: [2,4] [0,2] [3,4] [5,6] [2,5] [1,7] [1,2] [5,6] [6,7] [0,5] [4,7] [2,6] [0,3] [1,2] [1,7] [1,2] [0,2] [3,7] [0,4] [1,2] [5,6] [0,1] [0,6] [0,3] [3,5] [2,7] [3,5] [6,7] [1,6] [0,3] [3,5] [1,5]
Token  12: [2,6] [1,4] [0,4] [0,2] [1,7] [4,5] [1,7] [1,3] [0,6] [0,5] [3,7] [2,5] [0,3] [1,7] [1,6] [1,2] [0,7] [0,7] [4,7] [1,2] [1,3] [1,3] [4,5] [0,4] [0,2] [1,2] [0,1] [0,7] [0,3] [1,5] [2,7] [2,7]
Token  13: [3,4] [2,6] [2,3] [4,6] [5,6] [4,7] [0,6] [5,6] [1,7] [0,5] [4,5] [1,2] [3,6] [0,1] [1,6] [1,2] [0,2] [3,6] [4,7] [0,6] [2,5] [1,4] [2,7] [2,7] [0,7] [3,5] [0,4] [5,7] [2,6] [1,3] [3,5] [1,5]
Token  14: [2,3] [2,4] [1,2] [6,7] [0,7] [0,6] [2,6] [1,3] [1,3] [0,4] [3,7] [2,5] [0,4] [1,7] [1,3] [2,7] [0,7] [0,6] [4,7] [2,4] [1,4] [5,7] [0,1] [0,2] [0,2] [1,3] [1,6] [0,5] [1,3] [1,5] [2,7] [2,7]
Token  15: [0,7] [0,7] [0,3] [0,3] [5,6] [0,7] [2,7] [1,2] [6,7] [0,1] [2,3] [0,2] [3,6] [1,7] [1,7] [2,3] [3,7] [0,6] [6,7] [1,5] [1,6] [5,7] [0,7] [0,7] [0,3] [1,7] [1,7] [3,4] [3,5] [0,3] [3,5] [2,6]
Token  16: [5,6] [0,1] [1,3] [2,3] [6,7] [0,6] [0,1] [2,5] [4,6] [0,1] [3,4] [1,2] [1,6] [1,2] [1,7] [2,4] [5,7] [0,7] [1,7] [1,5] [1,2] [3,5] [6,7] [0,4] [2,3] [1,7] [1,3] [1,7] [3,5] [3,5] [0,4] [2,5]
Token  17: [2,6] [0,7] [0,3] [0,3] [5,6] [0,1] [2,7] [0,6] [4,7] [4,6] [0,2] [1,2] [3,6] [0,2] [4,7] [1,4] [0,2] [3,7] [0,4] [1,3] [2,5] [1,4] [0,2] [3,6] [0,3] [1,2] [3,4] [2,5] [2,6] [0,3] [3,5] [1,5]
Token  18: [2,3] [5,7] [1,3] [1,6] [0,5] [0,1] [1,3] [2,5] [2,6] [0,6] [1,7] [2,7] [0,3] [0,1] [2,5] [1,5] [1,2] [3,6] [5,7] [0,1] [2,7] [1,7] [0,7] [4,7] [0,5] [0,4] [0,7] [4,5] [5,7] [0,2] [3,5] [1,5]
Token  19: [0,5] [5,6] [1,6] [1,7] [2,7] [0,1] [0,3] [0,5] [2,7] [2,6] [0,1] [5,7] [0,3] [0,1] [2,6] [0,7] [1,2] [3,6] [5,7] [0,7] [6,7] [1,7] [0,5] [2,3] [5,6] [0,2] [0,5] [4,5] [5,7] [1,2] [3,5] [1,5]
Token  20: [0,1] [5,7] [0,4] [1,3] [2,7] [0,4] [3,5] [2,6] [1,5] [1,6] [4,7] [1,7] [0,6] [0,3] [5,6] [0,7] [0,1] [2,5] [4,5] [1,2] [0,4] [1,4] [0,5] [2,3] [5,6] [0,7] [1,5] [6,7] [0,4] [1,7] [2,7] [2,7]
Token  21: [0,1] [0,3] [4,6] [0,1] [2,3] [4,7] [1,2] [2,5] [1,6] [4,6] [0,3] [1,4] [4,6] [0,1] [6,7] [0,5] [5,7] [6,7] [0,1] [4,6] [3,4] [1,6] [0,1] [2,3] [5,6] [0,7] [3,5] [2,6] [3,5] [1,7] [3,5] [1,5]
Token  22: [1,2] [0,7] [4,5] [0,1] [1,3] [0,6] [5,7] [2,6] [5,6] [0,6] [1,7] [1,6] [0,1] [1,2] [5,6] [1,7] [0,1] [0,5] [4,7] [0,5] [4,7] [1,4] [0,5] [0,3] [5,6] [0,7] [1,5] [0,2] [0,4] [1,7] [2,7] [0,2]
Token  23: [1,4] [0,7] [2,6] [0,1] [2,6] [5,6] [5,6] [5,6] [0,1] [5,6] [1,2] [1,5] [0,1] [1,3] [3,6] [1,7] [0,4] [0,5] [2,7] [0,5] [2,4] [1,4] [0,4] [0,6] [0,5] [1,4] [1,4] [1,2] [3,7] [1,6] [2,7] [0,6]
Token  24: [1,4] [0,2] [3,6] [0,3] [2,5] [1,6] [2,7] [2,6] [4,5] [4,7] [0,2] [0,6] [0,3] [2,5] [1,4] [1,2] [5,6] [1,4] [5,6] [4,6] [0,5] [2,6] [0,5] [1,2] [0,2] [2,5] [1,7] [1,5] [2,7] [0,2] [1,4] [4,6]
Token  25: [4,6] [0,4] [1,6] [0,5] [3,4] [3,6] [2,7] [4,6] [4,6] [4,7] [0,5] [0,6] [6,7] [5,6] [4,7] [1,4] [0,1] [6,7] [0,2] [1,4] [2,5] [2,4] [0,5] [1,3] [0,5] [2,7] [5,7] [5,6] [1,3] [3,6] [1,4] [3,5]
Token  26: [2,3] [2,4] [1,3] [6,7] [1,4] [4,7] [1,2] [5,7] [0,3] [5,6] [0,3] [5,7] [2,4] [0,1] [6,7] [0,3] [0,1] [3,6] [1,5] [1,6] [0,6] [0,7] [1,4] [1,3] [5,6] [2,7] [1,3] [5,6] [5,7] [2,6] [3,5] [1,5]
Token  27: [3,7] [1,4] [2,5] [6,7] [1,4] [4,5] [2,3] [0,5] [0,6] [5,6] [3,5] [5,7] [2,5] [5,6] [5,6] [1,5] [0,7] [2,5] [0,3] [2,7] [5,6] [0,2] [2,5] [3,5] [5,6] [2,7] [5,7] [5,6] [0,4] [1,7] [5,7] [3,5]
Token  28: [1,4] [3,5] [1,2] [5,7] [6,7] [1,4] [3,5] [3,5] [3,6] [4,5] [0,3] [5,7] [2,4] [1,2] [2,6] [0,1] [0,1] [6,7] [5,7] [2,6] [3,7] [2,6] [3,5] [0,3] [6,7] [2,3] [1,7] [3,6] [4,5] [1,7] [5,7] [1,3]
Token  29: [0,1] [4,5] [2,4] [0,3] [6,7] [0,1] [1,4] [4,6] [2,7] [3,4] [0,4] [2,3] [0,6] [1,2] [2,7] [2,3] [3,7] [3,7] [1,7] [0,1] [1,2] [3,5] [2,7] [0,4] [1,3] [6,7] [0,3] [1,3] [3,5] [0,7] [0,5] [1,5]
Token  30: [1,3] [2,5] [1,6] [1,5] [4,7] [1,4] [2,5] [2,5] [3,4] [0,7] [0,1] [4,5] [4,6] [0,7] [5,7] [0,5] [5,7] [6,7] [0,4] [4,6] [4,5] [1,6] [0,7] [3,7] [5,6] [2,7] [3,5] [2,6] [0,5] [1,7] [5,7] [1,5]
Token  31: [3,6] [3,6] [5,6] [1,7] [1,7] [2,4] [5,6] [2,5] [2,6] [4,7] [0,3] [5,7] [2,5] [2,6] [3,5] [1,7] [0,7] [5,6] [4,7] [2,7] [5,6] [2,4] [4,5] [3,4] [5,6] [2,3] [5,7] [6,7] [0,4] [1,7] [2,7] [1,3]
Token  32: [4,7] [3,7] [2,5] [3,5] [1,7] [1,4] [5,7] [2,6] [4,6] [4,7] [0,1] [5,6] [4,7] [2,7] [2,4] [1,7] [0,1] [0,2] [2,6] [2,3] [2,3] [2,3] [3,5] [1,3] [6,7] [2,3] [1,5] [2,7] [0,4] [0,2] [2,6] [0,4]
Token  33: [0,1] [0,1] [1,6] [4,6] [1,6] [3,4] [2,7] [6,7] [4,5] [4,7] [4,5] [0,7] [5,6] [0,5] [2,4] [2,5] [0,1] [0,1] [1,5] [5,6] [4,6] [2,6] [0,6] [1,3] [5,6] [3,7] [1,7] [0,1] [0,4] [0,2] [6,7] [0,4]
Token  34: [4,6] [5,6] [5,6] [4,7] [2,7] [0,4] [2,7] [1,4] [4,5] [0,4] [4,7] [0,1] [6,7] [0,4] [1,5] [5,6] [5,7] [1,5] [1,6] [4,6] [3,4] [1,6] [1,5] [2,3] [5,6] [0,7] [3,5] [0,6] [5,6] [3,4] [3,7] [2,7]
Token  35: [4,5] [1,4] [1,5] [4,6] [2,3] [0,6] [2,7] [1,4] [3,4] [1,4] [1,3] [1,7] [6,7] [1,6] [4,7] [3,4] [0,3] [6,7] [0,2] [0,4] [3,5] [1,3] [0,5] [1,3] [0,5] [3,5] [3,7] [0,5] [1,2] [3,6] [1,3] [1,3]
Token  36: [2,3] [1,5] [2,4] [5,6] [2,4] [0,1] [6,7] [3,4] [1,3] [1,4] [3,6] [3,7] [4,7] [5,6] [2,4] [1,4] [0,1] [3,6] [1,7] [0,6] [3,7] [1,5] [0,2] [0,3] [1,6] [6,7] [3,5] [1,6] [0,5] [0,2] [3,5] [1,5]
Token  37: [2,7] [3,4] [1,2] [2,4] [4,6] [0,4] [5,7] [1,4] [0,5] [0,4] [3,4] [1,7] [2,6] [5,6] [5,6] [1,6] [4,7] [1,6] [0,1] [4,6] [3,5] [1,3] [0,1] [3,6] [0,5] [3,6] [3,5] [0,5] [1,2] [3,6] [1,3] [3,5]
Token  38: [4,7] [0,4] [2,7] [2,3] [4,7] [4,5] [0,5] [1,4] [1,5] [0,2] [4,5] [0,5] [2,6] [5,6] [5,6] [1,6] [3,7] [1,6] [0,3] [2,4] [3,5] [1,4] [0,5] [2,3] [0,5] [3,6] [3,4] [5,6] [0,1] [3,6] [1,3] [3,5]
Token  39: [4,7] [3,5] [1,2] [0,4] [0,2] [4,5] [2,7] [3,6] [1,5] [1,4] [5,6] [3,6] [4,7] [6,7] [0,3] [1,7] [1,3] [0,1] [4,6] [2,3] [3,7] [4,6] [1,3] [3,6] [0,7] [3,4] [1,4] [1,3] [0,4] [1,6] [2,6] [0,4]
Token  40: [1,5] [0,6] [4,6] [4,6] [3,7] [0,4] [1,5] [1,4] [0,5] [0,6] [4,7] [0,1] [1,6] [0,4] [1,5] [1,6] [5,7] [1,5] [1,3] [4,6] [3,4] [1,6] [1,5] [2,3] [0,5] [3,5] [1,3] [0,6] [0,4] [3,4] [3,7] [2,7]
Token  41: [2,7] [5,7] [0,5] [6,7] [2,4] [3,4] [1,5] [1,5] [2,6] [4,7] [1,3] [2,7] [0,4] [6,7] [0,3] [1,7] [0,1] [0,2] [2,5] [2,3] [3,7] [3,6] [0,3] [1,3] [5,6] [3,7] [1,4] [0,1] [0,4] [0,2] [2,6] [0,4]
Token  42: [1,7] [0,1] [1,3] [2,4] [2,6] [1,7] [0,7] [1,4] [4,5] [3,4] [4,7] [0,1] [3,6] [0,4] [1,6] [5,6] [6,7] [1,5] [1,6] [4,6] [2,6] [3,6] [1,5] [2,3] [1,4] [3,5] [3,7] [4,6] [0,6] [3,5] [3,5] [2,7]
Token  43: [5,7] [3,4] [1,5] [1,2] [3,6] [6,7] [0,7] [1,3] [4,6] [4,5] [3,7] [0,7] [5,6] [0,6] [1,7] [0,3] [0,3] [0,5] [2,3] [4,6] [1,3] [0,6] [0,3] [1,3] [0,5] [3,5] [1,3] [0,5] [1,6] [3,6] [5,7] [3,5]
Token  44: [2,3] [1,7] [1,5] [0,4] [6,7] [0,1] [5,7] [2,5] [3,4] [0,6] [0,1] [1,4] [4,6] [0,6] [4,7] [0,5] [5,7] [6,7] [0,5] [1,6] [1,3] [0,7] [3,4] [0,3] [0,7] [2,5] [0,4] [1,5] [2,5] [0,3] [3,5] [1,5]
Token  45: [2,3] [6,7] [4,5] [4,7] [0,6] [2,5] [2,7] [3,5] [1,4] [0,4] [5,6] [3,7] [5,6] [5,6] [0,6] [2,3] [0,3] [1,7] [4,7] [1,6] [2,3] [4,6] [2,5] [1,6] [5,6] [4,7] [1,4] [1,3] [0,4] [0,1] [2,6] [0,4]
Token  46: [5,7] [3,6] [5,7] [4,7] [3,7] [0,2] [1,7] [3,5] [1,4] [0,6] [4,7] [3,6] [1,6] [0,4] [1,5] [3,6] [0,4] [1,3] [1,3] [4,6] [3,6] [4,6] [0,5] [1,2] [5,6] [5,7] [0,4] [0,3] [1,6] [4,5] [3,5] [4,6]
Token  47: [0,7] [4,5] [0,4] [0,7] [1,4] [2,5] [1,5] [3,5] [1,4] [4,6] [0,3] [2,4] [4,6] [0,6] [5,7] [0,5] [0,7] [6,7] [4,5] [0,3] [4,6] [0,7] [3,7] [0,4] [5,6] [2,3] [0,5] [1,3] [1,6] [1,7] [5,7] [1,5]
Token  48: [1,7] [4,5] [0,4] [0,6] [2,6] [0,2] [1,5] [3,5] [0,4] [4,6] [3,7] [5,7] [0,2] [0,6] [5,6] [1,3] [0,3] [0,7] [1,5] [3,6] [2,4] [2,4] [0,5] [3,4] [4,5] [0,7] [0,3] [0,1] [4,6] [2,7] [6,7] [0,2]
Token  49: [1,4] [1,5] [4,5] [6,7] [1,7] [2,4] [1,5] [2,3] [1,6] [4,6] [1,3] [5,7] [0,5] [2,7] [0,3] [1,7] [0,4] [0,2] [2,4] [2,3] [3,4] [4,6] [0,3] [1,6] [5,7] [6,7] [1,6] [0,2] [0,4] [1,2] [2,6] [0,4]
Token  50: [0,7] [0,6] [0,7] [3,5] [1,5] [1,3] [5,6] [5,6] [0,5] [4,6] [0,5] [4,7] [3,6] [2,4] [0,4] [0,2] [5,6] [4,5] [0,3] [5,7] [0,4] [1,5] [5,6] [1,3] [4,6] [2,3] [3,5] [1,7] [1,3] [4,5] [0,4] [2,7]
Token  51: [3,5] [0,3] [2,6] [0,3] [5,7] [5,6] [6,7] [0,6] [4,6] [4,6] [0,4] [1,4] [3,6] [2,3] [4,7] [0,3] [1,3] [0,5] [0,2] [1,4] [3,5] [0,7] [0,5] [3,7] [0,5] [0,6] [3,5] [0,6] [1,2] [3,6] [0,1] [5,7]
Token  52: [2,7] [0,2] [5,7] [3,5] [1,2] [1,4] [5,7] [2,6] [0,4] [4,7] [1,3] [2,4] [4,6] [2,3] [1,4] [4,7] [1,2] [2,5] [6,7] [0,3] [2,7] [0,3] [4,5] [1,6] [1,6] [0,6] [4,6] [1,2] [5,7] [1,6] [2,4] [0,6]
Token  53: [0,1] [2,7] [6,7] [3,5] [2,5] [0,1] [2,4] [0,6] [4,5] [4,7] [0,2] [0,6] [5,6] [2,5] [4,7] [2,3] [5,6] [1,4] [5,6] [4,6] [0,5] [2,6] [3,5] [1,5] [0,3] [5,7] [2,7] [1,5] [2,7] [0,2] [1,4] [4,6]
Token  54: [4,6] [3,4] [2,6] [0,1] [0,1] [3,4] [2,7] [6,7] [4,5] [4,7] [4,5] [0,7] [5,6] [3,5] [1,4] [2,4] [0,1] [0,1] [1,5] [5,6] [4,6] [1,6] [1,6] [3,6] [5,6] [4,7] [1,3] [0,1] [0,4] [0,2] [4,6] [0,4]
Token  55: [4,6] [3,5] [6,7] [4,7] [2,7] [0,4] [2,7] [1,4] [4,5] [0,4] [4,7] [0,1] [2,6] [0,4] [1,5] [5,6] [6,7] [1,5] [1,6] [2,6] [3,4] [1,6] [0,1] [2,3] [5,6] [5,7] [3,5] [0,2] [5,6] [3,4] [3,4] [2,7]
Token  56: [4,5] [3,4] [1,5] [2,7] [3,5] [5,7] [0,7] [3,5] [4,6] [1,6] [0,3] [0,1] [4,6] [0,6] [5,7] [0,3] [0,3] [0,5] [0,2] [4,6] [1,3] [0,7] [0,1] [0,3] [0,5] [3,7] [3,5] [0,5] [1,2] [3,6] [1,7] [5,7]
Token  57: [2,5] [0,1] [0,4] [4,6] [2,6] [5,6] [4,7] [6,7] [5,6] [0,1] [2,5] [3,7] [1,6] [3,6] [0,7] [1,6] [0,7] [1,6] [0,2] [4,5] [1,5] [0,4] [0,5] [3,6] [0,5] [3,6] [3,5] [0,6] [1,2] [3,6] [0,1] [3,5]
Token  58: [2,6] [2,5] [0,4] [1,7] [0,2] [4,7] [2,7] [3,7] [1,6] [1,5] [3,5] [1,7] [4,5] [6,7] [0,3] [4,7] [1,3] [0,7] [6,7] [5,6] [3,7] [4,7] [1,7] [0,1] [6,7] [3,4] [1,7] [6,7] [4,5] [1,6] [2,6] [1,3]
Token  59: [0,1] [1,3] [1,5] [1,7] [0,2] [1,5] [2,7] [3,5] [1,6] [1,4] [1,3] [6,7] [4,5] [6,7] [0,3] [4,7] [1,3] [0,1] [2,6] [2,5] [3,7] [4,6] [3,5] [1,6] [6,7] [4,7] [1,6] [0,1] [0,4] [0,2] [2,6] [0,4]
Token  60: [1,7] [6,7] [5,7] [2,4] [3,7] [5,6] [5,7] [1,5] [5,6] [0,3] [4,7] [0,1] [1,2] [0,4] [1,5] [1,6] [4,5] [1,5] [1,6] [4,7] [5,6] [1,6] [0,5] [2,3] [5,6] [5,7] [1,5] [1,6] [4,5] [4,5] [4,7] [2,7]
Token  61: [6,7] [4,6] [1,5] [6,7] [3,6] [5,6] [0,7] [0,7] [4,6] [0,4] [3,7] [0,1] [1,2] [1,6] [5,7] [0,3] [0,3] [0,5] [0,2] [0,4] [3,5] [0,4] [0,5] [1,7] [0,5] [5,7] [3,5] [5,6] [1,2] [3,6] [1,7] [5,7]
Token  62: [2,7] [1,4] [1,5] [3,7] [0,6] [0,1] [4,7] [6,7] [4,6] [4,5] [2,3] [1,2] [0,1] [1,6] [5,6] [1,7] [0,4] [5,6] [0,3] [0,1] [1,4] [0,4] [0,1] [0,1] [0,5] [2,6] [2,3] [5,7] [1,2] [6,7] [1,4] [3,7]
Token  63: [2,3] [3,6] [1,2] [2,3] [1,3] [1,7] [4,6] [2,3] [4,6] [1,5] [1,2] [1,5] [0,1] [1,6] [3,6] [1,7] [0,4] [0,5] [0,3] [1,4] [1,5] [0,4] [0,5] [0,1] [0,5] [2,6] [2,3] [5,7] [1,2] [4,7] [1,7] [3,7]
Token  64: [2,3] [2,6] [1,5] [5,6] [1,2] [1,4] [5,7] [2,6] [4,5] [1,4] [1,3] [4,5] [1,4] [2,7] [0,3] [1,7] [0,1] [0,2] [2,7] [0,2] [3,7] [0,3] [3,6] [1,6] [5,7] [4,6] [1,6] [0,2] [4,5] [1,2] [2,6] [0,4]
Token  65: [0,1] [6,7] [0,6] [3,5] [1,5] [1,3] [5,7] [5,6] [5,6] [5,6] [0,2] [0,4] [3,6] [4,7] [0,4] [0,5] [2,5] [2,4] [2,5] [2,3] [2,3] [0,2] [0,3] [1,6] [5,7] [5,7] [2,4] [1,7] [3,7] [4,5] [4,6] [4,6]
Token  66: [3,5] [0,6] [2,3] [4,6] [3,6] [3,7] [1,7] [5,6] [2,5] [5,7] [0,5] [4,7] [3,6] [4,6] [0,4] [2,6] [5,7] [1,4] [5,7] [0,7] [0,2] [0,6] [3,4] [1,6] [1,3] [0,5] [4,7] [2,4] [2,7] [5,6] [4,6] [4,6]
Token  67: [3,6] [0,4] [3,6] [1,5] [0,3] [1,5] [1,7] [0,2] [1,5] [2,7] [4,5] [0,6] [2,6] [3,5] [1,4] [2,6] [4,5] [1,5] [1,6] [0,4] [1,5] [1,6] [5,6] [0,3] [0,1] [3,4] [3,7] [1,4] [1,3] [3,4] [0,1] [2,7]
Token  68: [0,5] [6,7] [1,6] [6,7] [3,4] [1,6] [4,7] [1,7] [3,6] [0,6] [3,4] [1,7] [4,6] [1,6] [4,7] [1,4] [0,3] [6,7] [0,2] [0,4] [0,5] [1,3] [0,5] [0,3] [0,3] [5,6] [3,7] [5,7] [1,3] [3,6] [1,5] [1,3]
Token  69: [3,7] [1,7] [2,4] [6,7] [3,6] [1,7] [0,7] [5,6] [1,6] [1,2] [2,3] [1,7] [2,6] [5,6] [6,7] [1,6] [0,4] [1,6] [0,3] [4,6] [1,5] [0,1] [0,5] [0,3] [0,5] [2,6] [2,3] [5,6] [1,2] [6,7] [1,3] [3,5]
Token  70: [2,3] [4,5] [1,2] [0,1] [4,5] [3,4] [2,6] [0,2] [4,6] [0,1] [1,3] [5,7] [2,4] [2,7] [0,3] [4,7] [1,2] [0,1] [2,4] [0,3] [1,7] [4,7] [1,3] [1,3] [3,6] [2,4] [1,4] [0,1] [0,4] [0,2] [2,6] [0,4]
Token  71: [2,5] [0,6] [1,2] [3,7] [4,7] [1,4] [2,5] [1,2] [0,5] [0,1] [3,4] [0,1] [1,6] [0,4] [4,5] [5,6] [6,7] [1,5] [1,3] [1,4] [1,5] [0,1] [1,5] [0,3] [0,1] [3,6] [3,7] [4,5] [2,6] [1,4] [0,1] [3,6]
Token  72: [3,7] [3,5] [1,5] [0,1] [2,4] [0,5] [2,6] [0,2] [3,5] [0,7] [1,3] [5,7] [4,7] [2,7] [3,4] [4,7] [1,6] [0,2] [2,6] [0,2] [3,7] [3,6] [0,3] [1,3] [3,4] [4,7] [1,4] [1,2] [0,4] [0,2] [2,6] [0,4]
Token  73: [0,7] [6,7] [0,7] [1,3] [1,5] [2,3] [5,6] [5,6] [0,5] [4,5] [0,5] [2,4] [3,6] [4,7] [0,4] [0,2] [5,6] [4,7] [0,1] [0,5] [2,4] [0,2] [2,6] [3,6] [3,4] [1,2] [2,5] [1,7] [1,3] [4,5] [0,4] [2,7]
Token  74: [3,5] [0,3] [2,6] [0,3] [6,7] [5,6] [6,7] [0,6] [2,4] [4,6] [0,2] [1,4] [3,6] [2,3] [4,7] [0,3] [3,5] [0,5] [0,2] [1,4] [3,5] [0,5] [0,5] [3,7] [0,1] [0,6] [3,7] [0,6] [2,6] [3,6] [0,1] [5,7]
Token  75: [2,7] [2,3] [5,7] [3,5] [1,2] [1,4] [5,7] [0,6] [0,4] [4,7] [1,3] [2,4] [4,5] [2,3] [1,4] [4,7] [1,2] [2,5] [6,7] [0,3] [2,7] [0,3] [4,5] [1,6] [1,7] [0,6] [4,6] [1,2] [6,7] [1,6] [2,4] [0,6]
Token  76: [0,1] [1,4] [0,5] [2,3] [3,5] [0,2] [1,3] [5,7] [1,2] [5,7] [0,2] [1,3] [3,6] [1,3] [2,7] [0,2] [3,4] [3,7] [1,7] [0,6] [2,6] [3,5] [2,3] [2,6] [2,6] [4,6] [0,5] [1,4] [1,5] [0,7] [5,7] [1,5]
Token  77: [2,6] [2,6] [0,1] [1,2] [5,6] [0,6] [2,7] [0,7] [4,6] [0,7] [0,2] [0,1] [5,6] [2,5] [4,7] [3,4] [3,7] [2,5] [0,2] [1,4] [0,5] [0,1] [0,5] [4,7] [0,2] [1,6] [3,5] [5,6] [1,2] [3,6] [0,1] [3,5]
Token  78: [2,4] [2,6] [0,1] [1,3] [0,4] [1,5] [6,7] [0,7] [3,4] [4,7] [3,5] [5,7] [4,5] [2,7] [3,4] [4,7] [0,1] [0,2] [6,7] [0,5] [2,4] [0,4] [3,4] [1,6] [1,6] [0,5] [4,6] [1,2] [5,7] [1,6] [2,4] [0,6]
Token  79: [0,1] [1,4] [3,6] [1,5] [0,6] [1,6] [2,7] [5,6] [4,5] [4,7] [0,5] [3,6] [5,6] [3,5] [0,4] [2,6] [1,2] [1,4] [5,7] [0,5] [2,6] [0,4] [3,6] [2,3] [3,5] [4,7] [1,5] [3,4] [0,4] [2,5] [4,6] [0,4]
Token  80: [3,7] [5,7] [2,6] [1,7] [6,7] [0,4] [5,7] [1,4] [0,5] [4,6] [0,4] [1,4] [4,6] [0,4] [1,5] [5,6] [4,5] [1,5] [1,6] [4,7] [3,4] [1,3] [0,6] [0,3] [5,6] [5,7] [3,5] [0,2] [2,3] [4,5] [0,7] [2,7]
Token  81: [5,7] [3,7] [1,5] [1,7] [3,6] [5,6] [0,6] [1,5] [4,6] [0,6] [3,4] [1,7] [4,6] [0,6] [2,7] [0,3] [1,3] [0,5] [0,2] [4,6] [3,5] [0,1] [0,1] [0,3] [5,6] [0,7] [3,5] [0,2] [2,6] [3,6] [0,1] [5,7]
Token  82: [2,3] [1,5] [0,3] [1,6] [2,4] [1,7] [0,3] [1,5] [2,6] [0,2] [3,7] [1,2] [2,6] [0,6] [5,6] [1,5] [1,2] [3,6] [5,7] [5,6] [1,3] [1,7] [1,3] [3,6] [0,6] [5,7] [0,4] [0,1] [2,7] [5,6] [3,5] [1,5]
Token  83: [2,5] [1,5] [1,5] [1,2] [1,2] [3,5] [0,6] [4,6] [2,6] [0,6] [1,4] [5,7] [2,6] [1,6] [5,6] [1,5] [1,4] [1,2] [0,1] [5,6] [1,2] [1,3] [0,5] [1,3] [5,6] [1,7] [6,7] [4,6] [0,3] [1,7] [2,7] [1,5]
Token  84: [0,4] [0,6] [0,6] [3,4] [1,5] [0,3] [0,6] [1,2] [2,5] [0,5] [0,1] [1,4] [0,6] [6,7] [1,3] [0,1] [4,5] [0,2] [2,5] [4,7] [0,5] [1,3] [0,6] [0,3] [2,4] [6,7] [3,7] [1,7] [2,3] [4,5] [0,4] [6,7]
Token  85: [3,5] [0,6] [1,6] [4,5] [3,4] [3,6] [0,7] [0,4] [4,6] [0,6] [0,4] [1,6] [4,6] [1,6] [4,7] [1,4] [0,1] [6,7] [0,2] [0,4] [0,5] [1,3] [0,1] [0,3] [0,2] [5,6] [3,7] [0,5] [1,3] [3,6] [1,3] [1,3]
Token  86: [3,7] [2,3] [1,2] [4,5] [0,4] [1,5] [2,6] [3,4] [3,4] [0,1] [1,3] [5,6] [4,7] [6,7] [3,4] [4,7] [1,6] [0,2] [4,6] [0,3] [2,7] [3,4] [6,7] [0,1] [4,6] [3,4] [0,1] [1,2] [0,7] [0,2] [2,6] [0,4]
Token  87: [2,5] [0,4] [0,2] [4,5] [3,6] [1,6] [2,5] [1,3] [0,4] [0,6] [1,4] [0,1] [1,6] [0,6] [5,7] [1,6] [4,7] [1,5] [0,3] [4,6] [1,5] [1,6] [0,1] [0,3] [1,2] [3,6] [3,7] [0,4] [2,3] [3,4] [0,1] [3,6]
Token  88: [5,7] [2,5] [1,5] [0,5] [1,4] [6,7] [2,6] [2,3] [0,3] [0,6] [1,3] [2,5] [4,6] [2,6] [2,3] [2,7] [2,6] [0,2] [2,6] [0,2] [3,7] [3,6] [6,7] [0,1] [2,4] [2,7] [1,3] [1,2] [0,7] [0,2] [2,6] [0,4]
Token  89: [1,4] [1,6] [3,7] [2,4] [2,7] [0,4] [0,2] [1,4] [0,6] [0,3] [4,7] [0,1] [1,6] [0,4] [1,5] [5,6] [6,7] [1,5] [1,6] [4,6] [0,3] [1,6] [0,1] [2,3] [0,5] [0,3] [0,3] [0,6] [5,6] [3,4] [3,7] [2,7]
Token  90: [4,5] [3,4] [1,5] [2,6] [3,5] [6,7] [0,7] [3,5] [4,6] [0,6] [3,7] [0,1] [2,6] [0,6] [5,7] [0,3] [3,7] [0,5] [0,2] [4,6] [3,5] [0,1] [0,1] [0,3] [0,5] [0,7] [3,5] [0,2] [3,6] [3,6] [0,1] [5,7]
Token  91: [2,5] [1,5] [1,3] [1,6] [3,4] [1,7] [1,3] [1,5] [1,2] [4,7] [1,3] [2,7] [0,4] [1,6] [5,6] [1,5] [0,2] [3,6] [5,7] [1,5] [5,7] [0,6] [1,6] [3,6] [6,7] [4,7] [4,7] [1,5] [1,6] [2,5] [3,5] [1,5]
Token  92: [2,7] [1,4] [2,3] [2,6] [3,7] [0,7] [6,7] [1,5] [2,5] [1,7] [1,3] [2,7] [0,6] [2,6] [5,6] [4,7] [0,1] [2,5] [3,4] [4,7] [3,5] [0,1] [1,3] [3,5] [1,6] [1,4] [0,3] [0,5] [0,3] [1,3] [0,2] [3,5]
Token  93: [1,7] [0,4] [1,3] [1,6] [2,4] [1,7] [2,3] [2,3] [0,1] [5,6] [1,3] [5,7] [2,4] [1,6] [3,6] [1,7] [0,1] [3,6] [1,5] [0,1] [1,2] [1,7] [1,2] [0,3] [1,4] [0,5] [1,3] [0,4] [0,5] [0,2] [3,5] [1,5]
Token  94: [2,6] [2,7] [3,4] [2,6] [1,4] [2,7] [5,6] [2,3] [0,2] [0,6] [1,3] [2,5] [0,4] [2,7] [0,3] [1,7] [0,7] [0,2] [2,4] [0,2] [1,3] [3,6] [2,6] [1,5] [4,6] [1,4] [1,3] [1,2] [0,7] [1,2] [2,6] [0,4]
Token  95: [0,1] [1,4] [0,5] [2,3] [3,5] [0,2] [1,3] [3,7] [1,2] [0,5] [0,2] [0,3] [3,6] [1,3] [2,4] [0,3] [3,4] [2,7] [1,7] [2,6] [3,6] [3,5] [2,3] [2,6] [2,6] [4,6] [0,5] [1,7] [1,5] [1,7] [5,7] [1,5]
Token  96: [2,6] [0,2] [1,7] [2,5] [5,6] [0,6] [3,5] [0,7] [4,6] [0,6] [3,7] [0,3] [2,6] [5,6] [5,7] [0,1] [3,7] [0,5] [0,2] [4,6] [3,5] [0,1] [0,1] [0,3] [0,1] [0,5] [0,3] [0,5] [3,6] [3,6] [0,1] [5,7]
Token  97: [2,4] [2,4] [0,2] [4,7] [2,3] [0,3] [2,3] [3,5] [0,3] [1,5] [3,7] [1,7] [2,6] [0,6] [5,6] [1,5] [3,6] [6,7] [1,3] [2,3] [2,4] [0,1] [1,7] [0,3] [1,6] [0,5] [3,5] [0,1] [3,6] [3,7] [0,7] [2,7]
Token  98: [2,3] [2,4] [0,2] [4,6] [2,3] [1,4] [3,6] [1,5] [0,1] [1,5] [2,3] [1,7] [0,2] [1,6] [5,6] [1,5] [3,4] [3,6] [0,4] [5,6] [0,4] [4,6] [0,1] [0,3] [0,1] [0,6] [2,5] [1,2] [3,6] [1,7] [5,7] [0,2]
Token  99: [6,7] [1,4] [2,4] [0,6] [3,4] [1,7] [2,3] [0,3] [0,7] [1,5] [1,2] [1,7] [2,3] [1,6] [5,6] [0,1] [3,4] [5,6] [0,7] [2,5] [0,2] [5,7] [3,7] [0,3] [2,6] [0,3] [2,3] [2,4] [0,6] [1,7] [5,7] [1,5]
Token 100: [6,7] [0,4] [1,2] [2,7] [0,2] [4,7] [4,6] [0,3] [0,7] [1,5] [0,1] [1,7] [0,1] [1,6] [5,6] [1,7] [3,4] [5,6] [0,7] [1,2] [1,2] [3,7] [6,7] [0,3] [2,6] [0,4] [2,3] [0,2] [0,3] [1,7] [2,4] [1,5]
Token 101: [2,4] [4,6] [3,4] [1,6] [2,7] [1,7] [1,6] [2,3] [0,3] [1,6] [0,3] [2,5] [2,4] [0,1] [6,7] [0,5] [0,1] [3,6] [5,7] [1,2] [0,3] [1,3] [2,5] [0,3] [0,2] [0,4] [0,3] [0,2] [5,7] [2,5] [3,5] [1,5]
Token 102: [3,5] [1,5] [2,5] [4,6] [4,7] [1,4] [3,6] [1,3] [0,2] [5,6] [1,3] [0,5] [2,5] [1,6] [5,6] [1,5] [0,1] [2,5] [0,1] [2,7] [3,6] [1,4] [2,3] [0,3] [1,5] [0,6] [2,3] [0,4] [0,5] [1,7] [0,5] [1,5]
Token 103: [0,4] [2,7] [2,3] [5,6] [4,7] [1,7] [5,6] [2,5] [2,3] [6,7] [0,1] [4,5] [4,6] [0,7] [4,7] [0,5] [6,7] [3,6] [0,4] [1,6] [2,5] [6,7] [1,4] [0,3] [1,5] [0,3] [3,4] [0,7] [6,7] [0,3] [3,5] [1,5]
Token 104: [2,5] [3,7] [1,7] [5,6] [4,7] [0,4] [2,3] [1,2] [2,3] [5,6] [1,3] [2,5] [0,4] [1,6] [3,6] [1,7] [0,6] [0,5] [4,5] [1,7] [1,7] [3,4] [3,4] [0,6] [2,5] [2,4] [0,3] [0,7] [0,2] [1,7] [0,2] [1,5]
Token 105: [1,4] [0,5] [2,7] [1,7] [4,7] [0,5] [3,5] [3,7] [3,4] [1,6] [1,3] [4,5] [0,4] [2,7] [0,3] [1,7] [0,6] [0,5] [2,4] [2,3] [1,7] [3,4] [0,7] [1,6] [2,4] [4,6] [1,6] [0,2] [4,7] [1,2] [2,6] [0,4]
Token 106: [0,1] [0,6] [0,7] [0,3] [1,5] [1,3] [5,6] [1,2] [0,5] [0,6] [0,1] [4,7] [3,4] [2,7] [0,4] [0,5] [2,6] [2,4] [2,5] [0,2] [0,2] [3,6] [0,6] [1,6] [4,6] [1,7] [2,3] [1,7] [3,7] [4,5] [4,6] [4,6]
Token 107: [3,5] [0,3] [2,5] [3,4] [6,7] [1,6] [0,7] [0,2] [4,5] [0,6] [0,4] [1,4] [3,6] [2,4] [1,2] [6,7] [4,6] [2,4] [6,7] [0,7] [2,4] [3,6] [2,7] [1,2] [1,4] [0,5] [4,6] [1,2] [6,7] [2,3] [1,2] [0,6]
Token 108: [2,5] [2,3] [5,6] [2,5] [5,6] [5,6] [3,4] [0,6] [2,4] [0,7] [2,5] [0,6] [1,6] [5,7] [4,7] [2,7] [6,7] [4,7] [5,6] [0,6] [0,3] [2,3] [6,7] [1,3] [2,4] [2,7] [0,2] [1,2] [2,7] [0,2] [1,4] [4,6]
Token 109: [4,6] [0,1] [2,6] [0,3] [0,7] [3,4] [1,7] [0,7] [1,3] [3,6] [4,5] [4,6] [2,6] [4,5] [1,4] [2,6] [2,7] [1,2] [1,3] [4,5] [1,2] [3,5] [1,4] [2,7] [3,4] [2,7] [0,7] [4,5] [1,6] [0,4] [3,4] [3,6]
Token 110: [0,4] [3,6] [1,7] [5,7] [3,5] [3,5] [3,7] [1,5] [3,6] [1,3] [3,4] [1,6] [3,6] [1,6] [2,7] [0,3] [2,3] [0,2] [0,2] [4,6] [1,3] [0,5] [3,4] [4,7] [0,4] [1,6] [0,3] [0,5] [1,2] [3,6] [1,7] [3,5]
Token 111: [2,3] [1,3] [4,6] [0,7] [0,3] [0,5] [0,4] [5,7] [0,3] [1,3] [5,6] [1,6] [3,6] [3,6] [6,7] [1,6] [0,7] [1,6] [1,3] [4,6] [0,2] [4,6] [0,1] [0,7] [2,3] [2,7] [3,7] [0,4] [1,3] [0,2] [3,4] [1,3]
Token 112: [2,6] [3,6] [4,5] [2,7] [6,7] [0,5] [0,7] [2,5] [2,3] [1,2] [4,6] [5,7] [5,6] [5,6] [2,6] [1,6] [3,4] [1,6] [0,3] [1,7] [1,2] [1,3] [1,5] [4,5] [3,6] [2,6] [3,6] [4,5] [1,2] [1,7] [1,3] [3,5]
Token 113: [2,4] [3,5] [1,5] [5,7] [2,6] [4,5] [6,7] [0,7] [3,4] [1,7] [1,3] [5,6] [2,4] [4,7] [0,3] [4,7] [1,3] [0,1] [2,7] [2,5] [1,7] [2,3] [3,6] [1,6] [5,6] [4,6] [1,6] [0,1] [0,4] [0,2] [2,6] [0,4]
Token 114: [0,7] [5,6] [0,7] [3,5] [1,5] [2,3] [5,6] [5,6] [0,2] [5,6] [0,7] [4,7] [3,5] [4,7] [0,4] [0,2] [5,6] [4,5] [0,1] [5,7] [0,4] [2,5] [4,6] [2,3] [4,6] [1,2] [2,5] [1,7] [3,7] [4,5] [0,4] [2,5]
Token 115: [3,5] [0,3] [2,6] [2,3] [5,7] [3,5] [6,7] [0,6] [2,4] [4,7] [0,6] [1,4] [3,6] [2,4] [4,7] [0,3] [3,5] [4,5] [0,2] [1,4] [3,5] [0,5] [0,5] [0,3] [0,1] [1,6] [3,7] [5,6] [1,2] [3,6] [0,1] [2,7]
Token 116: [2,7] [0,2] [5,7] [3,5] [1,2] [1,4] [5,7] [2,6] [0,4] [4,7] [1,3] [2,4] [4,5] [2,3] [1,4] [2,4] [2,6] [2,5] [6,7] [0,3] [2,7] [0,5] [4,5] [1,6] [1,7] [0,6] [4,6] [1,2] [6,7] [1,6] [2,4] [0,6]
Token 117: [0,1] [4,5] [0,5] [2,3] [3,5] [0,1] [1,3] [4,7] [1,2] [5,7] [0,2] [2,3] [4,6] [2,3] [2,7] [0,2] [3,7] [3,7] [1,7] [0,6] [2,6] [3,5] [2,3] [0,2] [2,4] [6,7] [0,3] [1,4] [3,5] [0,7] [5,7] [1,5]
Token 118: [2,6] [2,6] [0,1] [2,7] [5,6] [0,6] [2,3] [0,7] [4,6] [0,7] [0,2] [0,2] [5,6] [2,5] [4,7] [3,4] [3,7] [4,5] [0,2] [1,4] [0,5] [0,1] [0,5] [4,7] [0,2] [1,6] [3,5] [5,6] [1,2] [3,6] [0,1] [3,5]
Token 119: [2,6] [2,6] [1,2] [1,3] [0,4] [1,5] [6,7] [0,7] [3,4] [4,7] [3,5] [6,7] [4,5] [2,7] [1,4] [2,4] [1,2] [0,2] [6,7] [0,5] [1,2] [0,4] [3,4] [1,6] [1,6] [0,5] [4,6] [2,6] [5,7] [1,6] [2,4] [0,6]
Token 120: [0,1] [6,7] [6,7] [3,5] [2,5] [1,5] [2,4] [5,6] [4,5] [4,7] [0,2] [0,6] [5,6] [5,7] [4,7] [2,4] [5,7] [1,4] [5,6] [4,6] [0,4] [4,6] [0,3] [1,5] [2,3] [5,7] [2,7] [2,5] [2,6] [0,2] [1,4] [4,6]
Token 121: [6,7] [0,1] [6,7] [0,1] [0,6] [4,5] [6,7] [0,7] [1,3] [4,5] [2,5] [0,7] [2,4] [4,5] [3,4] [2,4] [2,7] [0,1] [5,7] [5,6] [4,6] [0,6] [3,6] [3,5] [3,5] [4,7] [1,7] [0,6] [0,4] [0,2] [4,6] [0,4]
Token 122: [5,6] [5,7] [2,7] [6,7] [2,4] [1,5] [1,7] [1,2] [3,5] [4,5] [4,7] [0,7] [2,6] [0,4] [1,5] [5,6] [5,7] [1,5] [1,6] [0,4] [6,7] [0,6] [1,5] [0,7] [0,3] [3,5] [0,7] [3,4] [1,4] [3,4] [0,4] [2,7]
Token 123: [5,7] [0,3] [1,5] [1,6] [2,3] [5,6] [0,7] [2,5] [4,6] [4,6] [3,4] [0,1] [4,6] [1,6] [1,7] [0,3] [3,4] [2,5] [0,2] [4,6] [1,5] [0,7] [0,5] [4,7] [0,2] [1,6] [3,5] [5,6] [1,2] [3,6] [1,7] [3,5]
Token 124: [2,3] [1,4] [0,5] [1,7] [0,2] [0,5] [2,7] [2,4] [3,6] [4,5] [5,6] [0,7] [2,4] [5,7] [0,3] [2,4] [1,3] [1,7] [1,6] [0,6] [6,7] [4,6] [1,3] [1,3] [3,6] [3,4] [1,6] [1,3] [0,4] [0,1] [4,6] [0,4]
Token 125: [2,5] [1,6] [5,7] [4,7] [3,7] [0,4] [5,7] [1,2] [3,5] [0,6] [2,4] [1,2] [1,6] [0,4] [1,5] [5,6] [5,6] [1,7] [1,6] [3,7] [3,4] [1,3] [0,6] [3,5] [5,6] [4,7] [2,5] [0,2] [2,6] [4,5] [0,4] [2,7]
Token 126: [2,7] [5,7] [2,4] [1,7] [4,5] [0,4] [3,6] [1,7] [2,7] [0,2] [1,3] [2,5] [0,4] [0,1] [5,6] [5,7] [1,2] [5,6] [5,7] [0,6] [1,3] [1,3] [1,4] [4,7] [0,5] [4,7] [3,5] [2,3] [2,7] [2,5] [2,7] [1,5]
Token 127: [0,1] [2,6] [4,6] [0,1] [0,2] [1,7] [0,3] [1,4] [2,7] [0,2] [4,5] [1,2] [3,6] [0,1] [6,7] [0,5] [2,6] [3,6] [2,5] [1,6] [1,5] [2,6] [1,2] [2,7] [3,6] [3,5] [4,7] [0,1] [3,6] [1,3] [4,5] [1,5]
