MODEL: mixtral_8x7b
TOKEN_COUNT: 128
ACTIVE_EXPERTS: 2
================================================================================
PROMPT TEXT:
PlayStation Official Magazine - UK praised the story 's blurring of Gallia 's moral standing , art style , and most points about its gameplay , positively noting the latter for both its continued quality and the tweaks to balance and content . Its one major criticism were multiple difficulty spikes , something that had affected the previous games . Heath Hindman of gaming website PlayStation Lifestyle praised the addition of non @-@ linear elements and improvements or removal of mechanics from Valkyria Chronicles II in addition to praising the returning gameplay style of previous games . He also positively noted the story 's serious tone . Points criticized in the review were recycled elements , awkward cutscenes that seemed to include all characters in a scene for no good reason , pacing issues , and occasional problems with the game 's AI .
================================================================================
GENERATED TEXT:


## Some Related Sentences

PlayStation and Official
* Magazine ( UK )
* Magazine ( UK )
* Magazine ( UK )
* Magazine ( UK )
* Magazine ( UK )
* Magazine ( UK )
* Magazine ( UK )
* Magazine ( UK )
* Magazine ( UK )
* Magazine ( UK )
* Magazine ( UK )
* Magazine ( UK )
* Magazine ( UK )
* Magazine ( UK )
* Magazine ( UK )
* Magazine ( UK )
* Magazine ( UK )
* Magazine ( UK )
* Magazine ( UK )

================================================================================
EXPERT TRACE (Per token, list of layer expert IDs):
================================================================================
Token   0: [3,7] [2,3] [0,2] [4,5] [4,5] [0,6] [1,4] [0,2] [1,6] [3,7] [2,4] [3,5] [2,6] [0,4] [2,6] [3,7] [3,7] [4,6] [0,7] [1,6] [3,6] [6,7] [2,3] [1,3] [2,7] [2,7] [0,7] [1,4] [2,5] [0,3] [3,5] [3,6]
Token   1: [5,6] [1,6] [6,7] [3,4] [6,7] [3,6] [0,3] [1,5] [1,4] [4,7] [0,4] [2,4] [0,3] [1,2] [4,7] [2,4] [5,7] [3,7] [4,7] [1,5] [2,5] [2,5] [2,4] [0,6] [3,7] [1,4] [3,5] [1,7] [3,5] [3,5] [0,4] [2,7]
Token   2: [0,6] [5,7] [4,5] [0,4] [6,7] [0,7] [1,4] [0,5] [2,6] [1,4] [0,3] [0,2] [0,3] [0,2] [1,7] [2,4] [4,7] [3,7] [0,7] [1,5] [1,4] [0,2] [1,5] [0,2] [2,5] [1,2] [4,5] [1,4] [3,6] [3,5] [0,7] [2,7]
Token   3: [2,6] [0,7] [3,6] [3,7] [2,3] [1,6] [1,2] [0,1] [3,6] [1,7] [0,2] [2,7] [3,7] [0,1] [4,7] [2,3] [0,4] [6,7] [0,7] [1,4] [2,4] [2,5] [0,1] [0,4] [0,4] [2,3] [5,7] [1,5] [2,6] [1,4] [0,5] [1,5]
Token   4: [2,6] [2,5] [0,4] [0,6] [6,7] [4,6] [6,7] [3,6] [2,6] [1,2] [2,6] [2,5] [1,3] [1,5] [0,1] [1,3] [0,4] [4,6] [0,1] [1,7] [5,6] [5,7] [1,3] [2,4] [4,5] [1,2] [0,4] [1,6] [0,5] [5,7] [0,5] [1,5]
Token   5: [0,6] [4,7] [3,4] [1,6] [0,7] [1,7] [0,2] [4,5] [2,4] [0,4] [0,4] [2,4] [3,6] [0,2] [4,7] [2,3] [0,2] [3,6] [0,4] [1,3] [2,5] [2,5] [0,6] [0,4] [4,5] [2,3] [0,1] [1,2] [6,7] [0,1] [3,5] [1,5]
Token   6: [3,6] [2,7] [4,6] [1,7] [5,7] [4,7] [2,6] [4,7] [3,4] [2,4] [3,6] [2,3] [1,4] [0,1] [0,2] [0,3] [0,1] [3,6] [1,5] [3,6] [0,3] [2,7] [0,6] [4,6] [3,5] [3,4] [0,2] [1,7] [2,5] [2,7] [3,5] [1,5]
Token   7: [1,3] [2,4] [6,7] [3,4] [0,3] [5,7] [1,2] [3,4] [3,5] [0,3] [5,6] [2,5] [0,4] [1,3] [0,7] [2,7] [0,3] [0,3] [0,6] [4,7] [0,2] [5,7] [0,1] [0,1] [1,5] [5,7] [3,4] [1,7] [1,2] [0,1] [5,7] [0,5]
Token   8: [0,1] [6,7] [0,7] [3,6] [3,5] [5,7] [1,2] [2,3] [3,4] [0,3] [3,5] [2,4] [2,6] [0,7] [0,7] [2,3] [0,3] [3,6] [5,6] [1,6] [0,6] [0,7] [0,4] [1,4] [1,5] [2,7] [0,3] [1,7] [1,3] [0,1] [3,5] [2,7]
Token   9: [5,6] [1,6] [1,7] [3,4] [5,6] [0,7] [1,3] [1,2] [2,4] [0,3] [4,7] [2,5] [2,6] [0,3] [1,7] [2,6] [0,4] [3,7] [0,6] [5,6] [0,6] [0,6] [0,2] [4,5] [1,7] [1,5] [3,5] [1,7] [2,3] [5,7] [0,4] [2,7]
Token  10: [2,6] [0,5] [0,3] [3,7] [4,5] [1,4] [2,3] [0,6] [2,4] [0,2] [5,6] [2,7] [3,5] [0,1] [6,7] [1,2] [1,2] [3,6] [5,7] [2,6] [1,2] [1,6] [4,5] [1,7] [0,3] [2,6] [0,7] [4,6] [5,6] [6,7] [5,7] [1,5]
Token  11: [0,1] [4,5] [0,4] [3,5] [3,7] [0,4] [6,7] [1,2] [4,6] [0,5] [1,7] [2,7] [0,5] [1,6] [5,6] [1,7] [0,7] [5,7] [4,5] [2,7] [3,6] [1,3] [1,4] [3,6] [6,7] [1,2] [0,5] [0,1] [0,6] [1,7] [5,7] [0,4]
Token  12: [0,1] [0,2] [4,5] [3,4] [3,6] [0,7] [2,7] [1,2] [2,6] [0,5] [0,6] [0,3] [1,3] [0,1] [1,7] [2,6] [5,7] [4,7] [0,6] [5,7] [0,6] [0,1] [0,1] [0,2] [2,7] [1,2] [0,5] [6,7] [1,3] [5,7] [0,7] [2,7]
Token  13: [3,7] [1,5] [0,1] [4,6] [4,5] [0,7] [2,7] [3,6] [0,1] [3,5] [6,7] [2,7] [0,5] [1,5] [0,6] [1,7] [1,7] [2,5] [1,3] [1,5] [1,4] [0,5] [0,6] [0,2] [1,7] [0,2] [0,5] [5,6] [0,5] [1,7] [5,7] [0,1]
Token  14: [0,7] [2,7] [0,3] [1,5] [3,5] [4,7] [1,2] [2,6] [2,5] [5,6] [0,1] [1,4] [3,6] [2,7] [1,7] [1,2] [5,7] [6,7] [4,6] [5,7] [1,4] [0,5] [0,6] [0,7] [1,3] [1,2] [3,5] [1,7] [1,3] [3,5] [0,4] [2,7]
Token  15: [0,6] [1,2] [4,6] [1,3] [0,2] [0,7] [0,6] [3,4] [1,2] [4,5] [0,2] [1,3] [0,1] [2,3] [1,5] [5,6] [4,5] [4,7] [0,4] [5,7] [5,6] [0,3] [5,6] [0,7] [3,4] [0,1] [0,5] [5,7] [1,3] [3,5] [0,4] [2,7]
Token  16: [3,5] [5,7] [0,1] [5,6] [4,7] [2,4] [5,7] [3,7] [1,2] [4,5] [1,7] [2,5] [0,4] [1,5] [1,3] [1,7] [0,1] [0,7] [2,4] [1,3] [1,7] [0,3] [0,2] [0,4] [1,7] [3,5] [0,6] [0,5] [0,4] [1,7] [2,7] [0,2]
Token  17: [0,1] [0,7] [5,7] [3,5] [1,5] [2,7] [2,7] [1,2] [2,7] [0,5] [6,7] [1,4] [3,7] [0,5] [0,4] [0,3] [1,4] [0,7] [1,5] [2,6] [5,6] [1,7] [1,5] [1,7] [0,7] [0,2] [0,5] [6,7] [2,3] [3,5] [0,7] [2,7]
Token  18: [2,5] [0,5] [4,6] [6,7] [4,6] [2,4] [1,5] [1,5] [2,6] [4,5] [3,7] [2,7] [0,5] [1,6] [0,3] [1,7] [0,1] [0,5] [2,4] [3,7] [1,7] [2,3] [0,1] [0,4] [4,7] [2,4] [0,6] [0,4] [1,7] [1,7] [6,7] [0,1]
Token  19: [0,1] [1,2] [1,6] [3,4] [0,2] [0,7] [5,7] [2,5] [2,5] [4,5] [1,7] [2,4] [0,3] [5,7] [1,3] [1,7] [0,7] [0,5] [2,4] [1,3] [2,4] [3,7] [0,3] [0,4] [3,4] [0,1] [0,6] [2,5] [3,7] [1,7] [2,7] [0,6]
Token  20: [0,1] [0,2] [0,6] [0,1] [0,3] [4,7] [1,4] [2,3] [3,5] [3,5] [0,6] [2,4] [0,3] [1,2] [5,7] [4,5] [5,7] [6,7] [4,7] [1,7] [1,2] [0,7] [0,4] [3,4] [1,4] [1,7] [0,5] [1,7] [1,3] [3,5] [0,4] [2,7]
Token  21: [5,6] [1,2] [0,4] [1,3] [0,3] [0,7] [0,6] [3,4] [1,5] [4,5] [0,2] [1,3] [1,2] [2,3] [1,5] [5,6] [5,7] [4,7] [0,4] [2,5] [1,6] [2,3] [1,6] [0,4] [3,7] [2,7] [0,5] [2,4] [0,3] [5,7] [2,7] [2,5]
Token  22: [3,5] [5,7] [0,1] [5,6] [4,7] [2,4] [5,7] [3,7] [1,2] [4,5] [3,7] [2,6] [0,4] [1,5] [1,5] [1,7] [0,7] [0,5] [2,4] [1,3] [1,7] [3,5] [0,4] [0,4] [1,7] [3,7] [0,6] [0,2] [0,4] [1,7] [2,7] [0,2]
Token  23: [0,1] [0,7] [5,7] [0,5] [1,4] [1,7] [2,7] [1,2] [2,7] [0,5] [2,6] [1,3] [3,7] [0,1] [1,5] [0,5] [1,7] [0,7] [1,5] [2,6] [4,6] [1,5] [0,1] [2,7] [3,7] [0,3] [0,1] [6,7] [2,3] [3,5] [0,7] [2,7]
Token  24: [2,5] [0,5] [4,5] [6,7] [4,6] [4,7] [5,7] [1,5] [2,6] [4,5] [1,7] [1,2] [0,5] [1,5] [0,3] [1,7] [0,7] [0,5] [2,4] [0,3] [1,7] [3,7] [0,1] [0,4] [4,7] [1,4] [0,6] [0,4] [1,4] [1,7] [6,7] [0,1]
Token  25: [0,1] [1,2] [0,1] [3,5] [0,2] [0,7] [5,7] [2,5] [2,5] [0,5] [0,2] [1,4] [1,3] [1,2] [0,4] [0,1] [4,7] [0,7] [2,7] [0,3] [2,7] [3,7] [0,3] [0,4] [3,4] [1,5] [2,6] [0,5] [1,3] [1,7] [2,7] [0,6]
Token  26: [0,1] [0,2] [0,6] [0,1] [0,3] [4,7] [1,4] [2,3] [3,5] [3,5] [0,4] [3,4] [1,3] [1,2] [4,7] [4,5] [5,7] [6,7] [0,4] [5,6] [2,6] [0,7] [0,6] [0,4] [1,6] [1,7] [0,5] [1,7] [3,7] [3,5] [0,4] [2,7]
Token  27: [5,6] [1,2] [0,7] [0,1] [0,3] [0,7] [0,6] [3,4] [1,2] [4,5] [0,2] [1,3] [0,1] [2,3] [1,5] [5,6] [4,7] [5,7] [0,4] [2,5] [3,6] [2,3] [1,6] [0,3] [2,7] [2,7] [0,5] [2,4] [0,7] [5,7] [2,7] [2,7]
Token  28: [3,5] [5,7] [0,1] [5,6] [4,7] [2,4] [5,7] [3,7] [1,2] [4,5] [1,7] [2,6] [0,4] [1,5] [1,5] [1,7] [0,7] [0,5] [2,4] [1,3] [1,7] [3,6] [0,4] [0,4] [1,7] [3,7] [0,6] [0,2] [0,4] [1,7] [2,7] [0,2]
Token  29: [0,1] [0,7] [5,7] [0,5] [1,4] [1,7] [2,7] [1,2] [2,7] [0,5] [6,7] [1,3] [3,7] [0,1] [1,5] [0,5] [1,7] [0,7] [1,5] [2,6] [4,6] [1,5] [0,1] [1,7] [0,7] [0,2] [0,7] [6,7] [2,3] [3,5] [0,7] [2,7]
Token  30: [2,5] [0,5] [4,5] [6,7] [4,7] [2,7] [5,7] [1,5] [2,6] [4,5] [1,7] [1,2] [1,5] [1,2] [0,3] [1,7] [0,7] [0,5] [2,4] [0,3] [1,7] [2,3] [0,1] [0,4] [4,7] [2,4] [0,6] [0,5] [1,7] [1,7] [6,7] [0,4]
Token  31: [0,1] [1,2] [0,1] [3,5] [0,2] [0,7] [5,7] [2,5] [5,7] [0,5] [0,2] [1,4] [1,3] [1,2] [0,4] [0,1] [4,7] [0,7] [2,7] [0,3] [2,7] [3,7] [3,5] [0,4] [3,4] [1,5] [2,6] [0,5] [1,3] [1,7] [2,4] [0,4]
Token  32: [0,7] [0,2] [6,7] [0,1] [0,3] [3,4] [1,4] [2,3] [3,5] [3,7] [0,4] [3,4] [1,3] [1,2] [4,7] [3,4] [5,7] [6,7] [0,4] [5,6] [2,6] [0,7] [0,4] [0,3] [1,3] [1,7] [0,5] [1,7] [3,7] [3,5] [0,4] [2,7]
Token  33: [5,6] [1,2] [0,7] [0,1] [0,3] [0,7] [0,6] [3,4] [1,2] [4,5] [0,2] [1,3] [0,1] [2,3] [1,5] [5,6] [4,7] [5,7] [0,4] [2,5] [3,6] [2,3] [4,6] [0,3] [2,7] [2,7] [0,5] [2,4] [0,3] [5,7] [2,7] [2,5]
Token  34: [3,5] [5,7] [0,1] [5,6] [4,7] [2,4] [5,7] [3,7] [1,2] [4,5] [1,7] [2,6] [0,4] [1,5] [1,5] [1,7] [0,7] [0,5] [2,4] [1,3] [1,7] [3,6] [0,4] [0,4] [1,7] [2,7] [0,6] [0,2] [0,4] [1,7] [2,7] [0,2]
Token  35: [0,1] [0,7] [5,7] [0,5] [1,4] [1,7] [0,2] [1,2] [2,7] [0,5] [6,7] [1,3] [3,7] [0,1] [1,5] [0,5] [1,7] [0,7] [1,5] [2,6] [4,6] [1,5] [0,1] [1,7] [0,7] [0,2] [0,5] [6,7] [2,3] [3,5] [0,7] [2,7]
Token  36: [2,5] [0,5] [4,5] [6,7] [4,7] [2,4] [5,7] [1,5] [2,6] [4,5] [1,7] [1,2] [1,5] [1,2] [0,3] [1,7] [0,7] [0,5] [2,4] [0,3] [1,7] [2,3] [0,1] [0,4] [4,7] [2,4] [0,6] [0,5] [1,7] [1,7] [4,6] [0,4]
Token  37: [0,1] [1,2] [0,1] [3,5] [0,2] [3,7] [5,7] [2,5] [5,7] [5,7] [0,2] [1,4] [1,3] [1,2] [0,4] [0,3] [3,7] [6,7] [6,7] [0,3] [2,4] [3,7] [3,5] [0,4] [3,4] [1,3] [2,6] [3,5] [1,3] [1,6] [2,4] [0,4]
Token  38: [0,7] [0,2] [6,7] [0,1] [0,3] [3,4] [1,4] [2,3] [3,5] [4,7] [2,4] [3,4] [1,3] [1,2] [0,4] [3,4] [5,7] [3,7] [0,4] [5,7] [2,4] [0,7] [0,4] [0,3] [1,3] [1,7] [0,5] [1,7] [1,3] [3,5] [0,4] [2,7]
Token  39: [5,6] [1,2] [0,7] [0,1] [0,3] [0,7] [0,6] [3,4] [1,5] [1,4] [0,2] [1,3] [0,1] [2,3] [1,5] [5,6] [4,7] [5,7] [0,4] [2,5] [3,6] [1,3] [1,6] [3,4] [2,7] [2,7] [0,5] [0,2] [0,7] [5,7] [2,7] [2,5]
Token  40: [3,5] [5,7] [0,1] [5,6] [4,7] [2,4] [5,7] [3,7] [1,2] [4,5] [1,3] [2,6] [0,7] [1,2] [1,5] [0,7] [0,7] [0,5] [2,4] [1,3] [1,7] [3,6] [0,4] [0,4] [1,7] [2,7] [0,6] [0,2] [0,4] [1,7] [2,7] [0,2]
Token  41: [0,1] [0,7] [5,7] [0,5] [1,4] [1,7] [0,2] [1,2] [2,7] [0,5] [6,7] [1,3] [1,7] [0,1] [1,5] [0,3] [1,7] [0,7] [1,5] [2,6] [4,6] [1,5] [0,1] [1,7] [0,7] [0,2] [0,5] [6,7] [2,3] [3,5] [0,7] [2,7]
Token  42: [2,5] [0,5] [4,5] [6,7] [4,6] [2,4] [5,7] [1,5] [2,6] [4,5] [1,7] [2,3] [1,5] [1,2] [0,3] [1,7] [0,7] [0,5] [2,4] [0,3] [1,7] [2,3] [0,1] [0,4] [4,7] [1,4] [0,6] [0,5] [1,7] [1,7] [4,6] [0,4]
Token  43: [0,1] [1,2] [0,1] [3,5] [0,2] [3,7] [5,7] [2,5] [5,7] [3,5] [0,2] [0,1] [1,3] [1,2] [0,4] [0,3] [3,7] [6,7] [6,7] [0,3] [2,3] [3,7] [3,4] [0,4] [3,4] [1,3] [2,6] [3,5] [1,3] [1,6] [2,6] [0,4]
Token  44: [0,7] [0,2] [6,7] [0,1] [0,2] [3,4] [1,4] [2,3] [3,5] [4,7] [0,2] [3,4] [1,7] [1,2] [0,4] [3,4] [5,7] [3,7] [0,3] [5,7] [2,3] [0,7] [0,4] [0,3] [1,3] [1,7] [0,5] [1,7] [1,3] [3,5] [0,4] [2,7]
Token  45: [5,6] [1,2] [0,7] [0,1] [0,3] [0,7] [0,6] [3,4] [1,5] [1,4] [0,2] [1,3] [0,1] [2,3] [1,5] [5,6] [4,7] [5,7] [0,4] [2,5] [3,6] [2,3] [1,4] [0,3] [3,7] [2,7] [0,5] [1,4] [0,3] [5,7] [2,7] [1,5]
Token  46: [3,5] [5,7] [0,1] [5,6] [4,7] [2,4] [5,7] [3,7] [1,2] [4,5] [1,3] [2,6] [0,7] [1,2] [1,5] [0,7] [0,7] [0,5] [2,4] [1,3] [1,7] [3,6] [0,4] [0,4] [1,7] [2,7] [0,6] [0,2] [0,4] [1,7] [2,7] [0,2]
Token  47: [0,1] [0,7] [5,7] [0,5] [1,4] [1,7] [0,2] [1,2] [2,7] [0,5] [6,7] [1,3] [1,7] [0,3] [1,5] [0,3] [1,7] [0,7] [1,5] [2,6] [4,6] [1,5] [0,1] [1,7] [0,7] [0,2] [0,5] [6,7] [2,3] [3,5] [0,7] [2,7]
Token  48: [2,5] [0,5] [4,5] [6,7] [4,6] [2,4] [5,7] [1,5] [2,6] [4,5] [1,7] [2,3] [1,5] [1,2] [0,3] [1,7] [0,7] [0,5] [2,4] [0,3] [1,7] [2,3] [0,1] [0,4] [4,7] [1,4] [0,6] [0,4] [0,1] [1,7] [4,6] [0,4]
Token  49: [0,1] [1,2] [0,1] [3,5] [0,2] [3,7] [5,7] [2,5] [5,7] [3,5] [0,2] [1,4] [1,3] [1,2] [0,4] [0,3] [3,7] [6,7] [6,7] [0,3] [2,4] [3,7] [3,5] [0,4] [3,4] [1,3] [2,6] [3,5] [1,3] [1,3] [2,4] [0,2]
Token  50: [0,7] [0,2] [6,7] [0,1] [0,3] [3,4] [1,4] [2,3] [3,5] [3,4] [2,4] [3,4] [1,3] [1,2] [4,7] [3,4] [5,7] [6,7] [0,4] [5,6] [2,6] [0,7] [0,6] [0,2] [2,3] [1,2] [0,5] [1,7] [3,7] [3,5] [0,4] [2,7]
Token  51: [5,6] [1,2] [0,7] [0,1] [0,3] [0,7] [0,6] [3,4] [1,5] [1,4] [2,4] [1,3] [0,1] [2,3] [1,5] [5,6] [4,7] [5,7] [0,4] [2,5] [3,6] [2,3] [4,6] [0,3] [3,7] [1,7] [0,5] [2,4] [0,7] [5,7] [2,7] [2,5]
Token  52: [3,5] [5,7] [0,1] [5,6] [4,7] [2,4] [5,7] [3,7] [1,2] [4,5] [1,3] [2,6] [0,7] [1,2] [1,5] [1,7] [0,7] [0,5] [2,4] [1,3] [1,7] [3,6] [0,4] [0,4] [1,7] [1,2] [0,6] [0,5] [0,4] [1,7] [2,7] [0,4]
Token  53: [0,1] [0,7] [5,7] [0,5] [1,4] [1,7] [0,2] [1,2] [2,7] [0,5] [6,7] [1,3] [1,7] [0,1] [1,5] [0,3] [1,7] [0,7] [1,5] [2,6] [4,6] [1,5] [0,1] [1,7] [0,7] [0,2] [0,5] [6,7] [2,3] [3,5] [0,7] [2,7]
Token  54: [2,5] [0,5] [4,5] [6,7] [4,6] [2,4] [5,7] [1,5] [2,6] [4,5] [1,7] [2,3] [1,5] [1,2] [0,3] [1,7] [0,7] [0,5] [2,4] [0,3] [1,7] [2,3] [0,1] [0,4] [4,7] [1,4] [0,6] [0,5] [1,7] [1,7] [4,6] [0,4]
Token  55: [0,1] [1,4] [0,1] [3,5] [0,2] [3,7] [0,5] [2,5] [5,7] [3,5] [0,2] [1,4] [1,3] [1,2] [0,4] [0,3] [3,7] [6,7] [6,7] [0,3] [2,4] [3,7] [3,5] [0,4] [3,4] [1,3] [2,6] [3,5] [1,3] [1,3] [2,4] [0,2]
Token  56: [0,7] [0,2] [6,7] [0,1] [0,3] [3,4] [1,4] [2,3] [3,5] [3,4] [4,7] [3,4] [1,3] [1,2] [4,7] [3,4] [5,7] [6,7] [0,4] [5,7] [2,6] [0,5] [0,6] [0,2] [3,4] [0,1] [0,5] [1,7] [3,7] [3,5] [0,4] [2,7]
Token  57: [5,6] [1,2] [0,7] [0,1] [0,3] [0,7] [0,6] [3,4] [1,5] [4,5] [2,4] [1,3] [0,1] [2,3] [1,5] [5,6] [4,7] [5,7] [0,4] [2,5] [3,6] [2,3] [4,6] [0,3] [3,7] [1,7] [0,5] [2,4] [0,7] [5,7] [2,7] [1,5]
Token  58: [3,5] [3,5] [0,1] [5,6] [4,7] [2,4] [5,7] [3,7] [1,2] [4,5] [1,3] [2,6] [0,7] [1,2] [1,5] [0,7] [0,7] [0,5] [2,4] [1,3] [1,7] [3,6] [0,4] [0,4] [1,7] [1,2] [0,6] [0,5] [0,4] [1,7] [2,7] [0,4]
Token  59: [0,1] [0,7] [5,7] [0,5] [1,4] [1,7] [0,2] [1,2] [2,7] [0,5] [6,7] [1,3] [1,7] [0,1] [1,5] [0,3] [1,7] [0,7] [1,5] [2,6] [4,6] [1,5] [0,1] [1,7] [0,7] [0,2] [0,5] [6,7] [2,3] [3,4] [0,7] [2,7]
Token  60: [2,5] [0,5] [4,5] [6,7] [4,6] [2,4] [5,7] [1,5] [2,6] [4,5] [1,7] [2,3] [1,5] [1,2] [0,3] [1,7] [0,7] [0,5] [2,4] [0,3] [1,7] [2,3] [0,1] [0,4] [4,7] [1,4] [0,6] [0,5] [1,7] [1,7] [4,6] [0,4]
Token  61: [0,1] [1,4] [0,1] [3,5] [0,2] [3,7] [0,5] [2,5] [5,7] [3,5] [1,2] [1,4] [1,3] [1,2] [0,4] [0,3] [3,7] [6,7] [6,7] [0,3] [2,3] [3,7] [3,5] [0,4] [3,4] [1,4] [2,6] [3,5] [1,6] [1,6] [2,4] [0,4]
Token  62: [0,1] [0,1] [6,7] [0,1] [0,3] [3,4] [0,1] [2,3] [3,5] [3,5] [2,4] [3,4] [1,3] [1,2] [0,4] [2,3] [5,7] [3,7] [0,4] [5,6] [2,3] [0,7] [0,4] [1,3] [1,3] [1,7] [0,5] [1,7] [1,3] [3,5] [0,4] [2,7]
Token  63: [5,6] [1,2] [0,7] [0,1] [0,3] [0,7] [0,6] [3,4] [2,5] [4,5] [2,4] [3,7] [0,1] [2,3] [1,5] [5,6] [4,7] [5,7] [0,4] [2,5] [3,6] [2,3] [4,6] [0,3] [3,7] [1,7] [0,5] [0,2] [0,3] [5,7] [4,7] [1,5]
Token  64: [3,5] [5,7] [0,1] [5,6] [4,7] [2,4] [5,7] [3,7] [1,2] [4,5] [1,3] [2,6] [0,7] [1,2] [1,5] [0,7] [0,7] [0,5] [2,4] [1,3] [1,7] [3,6] [0,4] [0,4] [1,7] [1,2] [0,6] [0,2] [0,4] [1,7] [2,7] [0,4]
Token  65: [0,1] [0,7] [5,7] [0,5] [1,4] [1,7] [0,2] [1,2] [2,7] [0,5] [6,7] [1,3] [1,7] [0,1] [1,5] [0,3] [1,5] [0,7] [1,5] [2,6] [4,6] [1,5] [0,1] [1,7] [0,7] [0,2] [0,5] [6,7] [2,3] [3,4] [0,7] [2,7]
Token  66: [2,5] [0,5] [4,5] [6,7] [4,6] [2,4] [5,7] [1,5] [2,6] [4,5] [1,7] [2,3] [1,5] [1,2] [0,3] [1,7] [0,7] [0,5] [2,4] [0,3] [2,7] [3,7] [0,1] [0,4] [4,7] [2,4] [0,6] [0,5] [0,1] [1,7] [4,6] [0,4]
Token  67: [0,1] [1,4] [0,1] [3,5] [0,2] [3,7] [0,5] [2,5] [5,7] [3,5] [0,2] [1,4] [1,7] [1,2] [0,4] [0,3] [3,7] [6,7] [6,7] [0,3] [2,3] [3,7] [3,5] [4,6] [3,4] [1,3] [2,6] [3,5] [1,7] [1,3] [2,4] [0,4]
Token  68: [0,7] [0,7] [6,7] [0,1] [0,3] [3,4] [0,1] [2,3] [3,5] [3,5] [2,7] [3,4] [1,3] [1,2] [0,4] [2,3] [5,7] [3,6] [0,3] [0,5] [2,3] [5,7] [0,4] [1,3] [1,3] [1,7] [5,7] [1,7] [1,3] [3,5] [0,4] [2,7]
Token  69: [5,6] [1,2] [0,7] [0,1] [0,3] [0,7] [0,6] [3,4] [1,5] [4,5] [0,2] [3,7] [1,2] [2,3] [1,5] [5,6] [4,7] [5,7] [0,4] [2,5] [3,6] [2,3] [4,6] [0,3] [3,7] [1,7] [0,5] [0,2] [0,3] [5,7] [4,7] [1,5]
Token  70: [3,5] [3,5] [0,1] [5,6] [4,7] [2,4] [5,7] [3,7] [1,2] [4,5] [1,3] [2,6] [0,7] [1,2] [1,5] [0,7] [0,7] [0,5] [2,4] [1,3] [1,7] [3,5] [0,4] [0,4] [1,7] [1,7] [0,6] [0,2] [0,4] [1,7] [2,7] [0,4]
Token  71: [0,1] [0,7] [5,7] [0,5] [1,4] [1,7] [0,2] [1,2] [2,7] [0,5] [6,7] [1,3] [1,7] [0,1] [1,5] [0,3] [1,5] [0,7] [1,5] [2,6] [4,6] [1,5] [0,1] [1,7] [0,7] [0,2] [0,5] [6,7] [2,3] [3,4] [0,7] [2,7]
Token  72: [2,5] [0,5] [4,5] [6,7] [4,6] [2,4] [5,7] [1,5] [2,6] [4,5] [1,7] [2,3] [1,5] [1,2] [0,3] [1,7] [0,7] [0,5] [2,4] [0,3] [2,7] [3,7] [0,1] [0,4] [4,7] [2,4] [0,6] [0,5] [0,1] [1,7] [4,6] [0,4]
Token  73: [0,1] [1,4] [0,4] [3,5] [0,2] [3,7] [0,5] [2,5] [5,7] [5,7] [1,2] [1,4] [1,7] [1,2] [0,4] [0,3] [3,7] [6,7] [6,7] [0,5] [2,3] [3,7] [3,5] [0,4] [1,3] [1,6] [2,6] [3,5] [1,6] [1,3] [4,6] [0,4]
Token  74: [0,7] [0,1] [6,7] [1,3] [0,3] [3,4] [0,1] [2,3] [3,5] [5,7] [0,2] [3,4] [1,7] [1,2] [0,4] [2,3] [5,7] [3,6] [0,3] [0,5] [2,3] [0,7] [0,4] [1,3] [1,3] [1,7] [5,7] [1,5] [1,3] [3,5] [0,4] [2,7]
Token  75: [5,6] [1,2] [0,7] [0,1] [0,3] [0,7] [0,6] [3,4] [1,5] [4,5] [0,2] [1,3] [0,1] [2,3] [1,5] [5,6] [4,7] [5,7] [0,4] [2,5] [1,6] [2,3] [4,6] [0,3] [3,7] [1,7] [0,5] [0,2] [0,3] [5,7] [4,7] [1,5]
Token  76: [3,5] [3,5] [0,1] [6,7] [4,7] [2,4] [5,7] [3,7] [1,2] [4,5] [1,3] [2,6] [0,7] [1,2] [1,5] [0,7] [0,7] [0,5] [2,4] [1,3] [1,7] [3,5] [0,4] [0,4] [1,7] [1,2] [0,6] [0,2] [0,4] [1,7] [2,7] [0,4]
Token  77: [0,1] [0,7] [5,7] [0,5] [1,4] [1,7] [0,2] [1,2] [2,7] [0,5] [6,7] [1,3] [1,7] [0,1] [1,5] [0,3] [1,5] [0,7] [1,5] [2,6] [4,6] [1,5] [0,1] [1,7] [0,7] [0,2] [0,5] [6,7] [2,3] [3,4] [0,7] [2,7]
Token  78: [2,5] [0,5] [4,5] [6,7] [4,6] [2,4] [5,7] [1,5] [2,6] [4,5] [1,7] [2,3] [1,5] [1,2] [0,3] [1,7] [0,7] [0,5] [2,4] [0,3] [2,7] [3,7] [0,1] [0,4] [4,7] [1,4] [0,6] [0,5] [0,1] [1,7] [4,6] [0,4]
Token  79: [0,1] [1,4] [0,4] [3,5] [0,2] [3,7] [0,5] [2,5] [5,7] [5,7] [0,2] [1,4] [1,7] [1,2] [0,4] [0,3] [3,7] [6,7] [6,7] [0,5] [2,3] [3,7] [3,5] [4,6] [3,4] [1,3] [2,6] [3,5] [1,7] [1,3] [2,4] [0,4]
Token  80: [0,7] [0,7] [6,7] [1,3] [0,3] [3,4] [0,1] [2,3] [3,5] [5,7] [0,2] [3,4] [1,7] [1,2] [0,4] [2,3] [5,7] [3,7] [0,3] [5,6] [2,3] [0,7] [0,4] [3,4] [1,3] [1,7] [0,5] [1,6] [1,3] [3,5] [0,4] [2,7]
Token  81: [5,6] [1,2] [0,7] [0,1] [0,3] [0,7] [0,6] [3,4] [1,5] [4,5] [0,2] [1,3] [0,1] [2,3] [1,5] [5,6] [4,7] [5,7] [0,4] [2,5] [1,6] [2,3] [4,6] [0,3] [3,7] [1,7] [0,5] [2,5] [0,3] [5,7] [4,7] [5,7]
Token  82: [3,5] [3,5] [0,1] [6,7] [4,7] [2,4] [5,7] [3,7] [1,2] [4,5] [1,3] [2,6] [0,1] [1,2] [1,5] [0,7] [0,7] [0,5] [2,4] [1,3] [1,7] [3,6] [0,4] [0,4] [1,7] [1,2] [0,6] [0,2] [0,4] [1,7] [2,7] [0,4]
Token  83: [0,1] [0,7] [5,7] [0,5] [1,4] [1,7] [0,2] [1,2] [2,7] [0,5] [6,7] [1,3] [1,7] [0,3] [0,1] [0,3] [1,5] [0,7] [1,5] [2,6] [4,6] [1,5] [1,5] [1,7] [0,7] [0,2] [0,5] [6,7] [2,3] [3,4] [0,7] [2,7]
Token  84: [2,5] [0,5] [4,5] [6,7] [4,6] [2,4] [5,7] [1,5] [2,6] [4,5] [1,7] [2,3] [1,5] [1,2] [0,3] [1,7] [0,7] [0,5] [2,4] [0,3] [2,7] [3,7] [1,4] [0,4] [4,7] [2,4] [0,6] [0,5] [0,1] [1,7] [4,6] [0,4]
Token  85: [0,1] [1,4] [0,4] [3,5] [0,2] [3,7] [0,5] [2,5] [5,7] [5,7] [0,2] [0,1] [1,7] [1,2] [0,2] [0,3] [3,7] [6,7] [6,7] [0,3] [2,3] [3,7] [3,5] [4,6] [1,3] [1,6] [2,6] [2,3] [1,6] [1,3] [2,4] [0,4]
Token  86: [0,7] [0,7] [6,7] [0,1] [0,3] [3,4] [0,1] [2,3] [3,5] [5,7] [0,2] [3,4] [1,7] [1,2] [0,4] [3,4] [5,7] [3,7] [0,3] [5,6] [2,6] [0,7] [0,4] [1,3] [1,3] [1,7] [0,5] [1,7] [1,3] [3,5] [0,4] [2,7]
Token  87: [5,6] [1,2] [0,7] [0,1] [0,3] [0,7] [0,6] [3,4] [1,5] [4,5] [0,2] [1,3] [0,1] [2,3] [1,5] [5,6] [4,7] [5,7] [0,4] [2,5] [1,6] [2,3] [4,6] [0,3] [3,7] [1,7] [0,5] [2,7] [0,3] [5,7] [4,7] [5,7]
Token  88: [3,5] [3,5] [0,1] [6,7] [4,7] [2,4] [5,7] [3,7] [1,2] [4,5] [1,3] [2,6] [0,7] [1,2] [1,5] [0,7] [0,7] [0,5] [2,4] [1,3] [1,7] [3,6] [0,4] [0,4] [1,7] [1,2] [0,6] [0,5] [0,4] [1,7] [2,7] [0,4]
Token  89: [0,1] [0,7] [5,7] [0,5] [1,4] [1,7] [0,2] [1,2] [2,7] [0,5] [6,7] [1,3] [1,7] [0,1] [0,1] [0,3] [1,5] [0,7] [1,5] [2,6] [4,6] [1,5] [1,5] [1,7] [0,7] [0,4] [0,5] [6,7] [2,3] [3,4] [0,7] [2,7]
Token  90: [2,5] [0,5] [4,5] [6,7] [4,6] [2,4] [5,7] [1,5] [2,6] [4,5] [1,7] [2,3] [1,5] [1,2] [0,3] [0,7] [0,7] [0,5] [2,4] [0,3] [2,7] [3,7] [1,4] [0,4] [4,7] [1,4] [0,6] [0,5] [0,1] [1,7] [4,6] [0,4]
Token  91: [0,1] [1,4] [0,4] [3,5] [0,2] [3,7] [0,5] [2,5] [5,7] [5,7] [1,2] [1,4] [1,7] [1,2] [0,4] [0,3] [3,7] [6,7] [6,7] [0,5] [2,3] [3,7] [3,5] [0,6] [3,4] [1,3] [2,6] [2,3] [1,7] [1,3] [2,4] [0,4]
Token  92: [0,7] [0,7] [6,7] [1,3] [0,3] [3,4] [0,1] [2,3] [3,5] [4,7] [0,2] [3,4] [1,7] [1,2] [0,4] [3,4] [5,7] [3,7] [0,4] [5,6] [2,6] [0,7] [0,4] [3,4] [1,2] [1,7] [0,5] [1,6] [1,3] [3,5] [0,4] [2,7]
Token  93: [5,6] [1,2] [0,7] [0,1] [0,3] [0,7] [0,6] [3,4] [1,5] [4,5] [0,2] [1,3] [0,1] [2,3] [1,5] [5,6] [4,7] [5,7] [0,4] [2,5] [1,6] [2,3] [4,6] [0,3] [3,7] [1,7] [0,5] [0,7] [0,3] [5,7] [4,7] [5,7]
Token  94: [3,5] [3,5] [0,1] [6,7] [4,7] [2,4] [5,7] [3,7] [1,2] [4,5] [1,3] [2,6] [0,7] [1,2] [1,5] [0,7] [0,7] [0,5] [2,4] [1,3] [1,7] [3,6] [0,4] [0,4] [1,7] [1,2] [0,6] [0,2] [0,4] [1,7] [2,7] [0,4]
Token  95: [0,1] [0,7] [5,7] [0,5] [1,4] [1,7] [0,2] [1,2] [2,7] [0,5] [6,7] [1,3] [1,7] [0,3] [0,1] [0,3] [1,5] [0,7] [1,5] [2,6] [4,6] [1,5] [1,5] [1,7] [0,7] [0,4] [0,5] [6,7] [2,3] [3,4] [0,7] [2,7]
Token  96: [2,5] [0,5] [4,5] [6,7] [4,6] [2,4] [5,7] [1,5] [2,6] [4,7] [1,7] [2,3] [1,5] [1,2] [0,3] [1,7] [0,7] [0,5] [2,4] [0,3] [2,7] [3,7] [1,4] [0,4] [4,7] [2,4] [0,6] [0,5] [0,1] [1,7] [4,6] [0,4]
Token  97: [0,1] [1,4] [0,4] [3,5] [0,2] [3,7] [0,5] [2,5] [5,7] [3,5] [0,2] [0,1] [1,7] [1,2] [0,2] [0,3] [3,7] [5,6] [6,7] [0,3] [2,3] [3,7] [3,4] [4,6] [1,3] [1,6] [2,6] [2,3] [1,6] [1,6] [4,6] [0,4]
Token  98: [0,7] [0,7] [6,7] [1,3] [0,3] [3,4] [0,1] [2,3] [3,5] [4,7] [0,2] [3,4] [1,3] [1,2] [0,4] [3,4] [5,7] [3,7] [0,3] [5,7] [2,6] [0,7] [0,4] [0,3] [1,3] [1,7] [2,5] [1,7] [3,7] [3,5] [0,4] [2,7]
Token  99: [5,6] [1,2] [0,7] [0,1] [0,3] [0,7] [0,6] [3,4] [1,5] [4,5] [0,2] [1,3] [1,6] [2,3] [1,5] [5,6] [4,7] [5,7] [0,4] [1,5] [1,6] [0,3] [4,6] [0,3] [3,7] [1,7] [0,5] [4,5] [0,3] [5,7] [4,7] [5,7]
Token 100: [3,5] [3,5] [0,1] [6,7] [4,7] [2,4] [5,7] [3,7] [1,2] [4,5] [1,3] [2,6] [0,7] [1,2] [1,5] [0,7] [0,7] [0,5] [2,4] [1,3] [1,7] [3,5] [0,4] [0,4] [1,7] [1,7] [0,6] [0,2] [0,4] [1,7] [2,7] [0,4]
Token 101: [0,1] [0,7] [5,7] [0,5] [1,4] [1,7] [0,2] [1,2] [2,7] [0,5] [6,7] [1,3] [1,7] [0,1] [0,1] [0,3] [1,4] [0,7] [1,5] [2,6] [4,6] [1,5] [1,5] [1,7] [0,7] [0,2] [0,5] [6,7] [2,3] [3,4] [0,7] [2,7]
Token 102: [2,5] [0,5] [4,5] [6,7] [4,6] [2,4] [5,7] [1,5] [2,6] [4,5] [1,7] [2,3] [1,5] [1,2] [0,3] [0,7] [0,7] [0,5] [2,4] [0,3] [2,7] [3,7] [1,4] [0,4] [4,7] [1,4] [0,6] [0,5] [0,1] [1,7] [4,6] [0,4]
Token 103: [0,1] [1,4] [0,4] [3,5] [0,2] [3,7] [0,5] [2,5] [5,7] [3,5] [1,2] [1,4] [1,7] [1,2] [0,2] [0,3] [3,7] [5,6] [6,7] [0,5] [2,3] [3,7] [3,4] [0,6] [1,3] [1,6] [2,6] [2,3] [1,6] [1,3] [4,6] [0,4]
Token 104: [0,7] [0,7] [6,7] [1,3] [0,3] [3,4] [0,1] [2,3] [3,5] [4,7] [0,2] [3,4] [1,3] [1,2] [0,4] [3,4] [5,7] [3,7] [0,3] [5,6] [2,6] [0,7] [0,4] [0,3] [1,3] [1,7] [0,5] [1,7] [1,3] [3,5] [0,4] [2,7]
Token 105: [5,6] [1,2] [0,7] [0,1] [0,3] [0,7] [0,6] [3,4] [1,5] [4,5] [0,2] [1,3] [1,6] [2,3] [1,5] [2,6] [4,7] [5,7] [0,4] [1,5] [1,6] [0,3] [4,6] [0,3] [3,7] [1,7] [0,5] [0,5] [0,3] [5,7] [4,7] [5,7]
Token 106: [3,5] [3,5] [0,1] [6,7] [4,7] [2,4] [5,7] [3,7] [1,2] [4,5] [1,3] [2,6] [0,7] [1,2] [1,5] [0,7] [0,7] [0,5] [2,4] [1,3] [1,7] [3,6] [0,4] [0,4] [1,7] [1,2] [0,6] [0,5] [0,4] [1,7] [2,7] [0,4]
Token 107: [0,1] [0,7] [5,7] [0,5] [1,4] [1,7] [0,2] [1,2] [2,7] [0,5] [6,7] [1,3] [1,7] [0,1] [0,1] [0,3] [1,4] [0,7] [1,5] [2,6] [4,6] [1,5] [1,5] [1,7] [0,7] [0,4] [0,5] [6,7] [2,3] [3,4] [0,7] [2,7]
Token 108: [2,5] [0,5] [4,5] [6,7] [4,6] [2,4] [5,7] [1,5] [2,6] [4,7] [1,7] [2,3] [1,5] [1,2] [0,3] [0,7] [0,7] [0,5] [2,4] [0,3] [2,7] [3,7] [1,4] [0,4] [4,7] [1,4] [0,6] [0,5] [0,1] [1,7] [4,6] [0,4]
Token 109: [0,1] [1,4] [0,4] [3,5] [0,2] [3,7] [0,5] [2,5] [5,7] [3,5] [1,2] [0,1] [1,7] [1,2] [0,2] [0,3] [3,7] [5,6] [6,7] [0,3] [2,3] [3,7] [3,4] [4,6] [1,3] [1,6] [2,6] [1,3] [1,6] [1,3] [4,6] [0,4]
Token 110: [0,7] [0,7] [6,7] [1,3] [0,3] [3,4] [0,1] [2,3] [3,5] [4,7] [0,2] [3,4] [1,7] [1,2] [0,4] [3,4] [5,7] [3,7] [0,3] [0,5] [2,6] [0,7] [0,4] [0,3] [1,3] [1,7] [2,5] [1,7] [3,7] [3,5] [0,4] [2,7]
Token 111: [5,6] [1,2] [0,7] [1,3] [0,3] [0,7] [0,6] [3,4] [1,5] [1,4] [0,2] [3,7] [1,6] [2,3] [1,5] [5,6] [4,7] [5,7] [0,4] [5,7] [1,6] [0,3] [4,6] [0,3] [2,3] [1,7] [0,5] [5,7] [0,3] [5,7] [4,7] [5,7]
Token 112: [3,5] [3,5] [0,1] [6,7] [4,7] [2,4] [5,7] [3,7] [1,2] [4,5] [1,3] [2,6] [0,7] [1,2] [1,5] [0,7] [0,7] [0,5] [2,4] [1,3] [1,7] [3,6] [0,4] [0,4] [1,7] [1,7] [0,6] [0,5] [0,4] [1,7] [2,7] [0,4]
Token 113: [0,1] [0,7] [5,7] [0,5] [1,4] [1,7] [0,2] [1,2] [2,7] [0,5] [6,7] [1,3] [1,7] [0,1] [0,1] [0,3] [1,4] [0,7] [1,5] [2,6] [4,6] [1,5] [1,5] [1,7] [0,7] [0,4] [0,5] [6,7] [2,3] [3,4] [0,7] [2,7]
Token 114: [2,5] [0,5] [4,5] [6,7] [4,6] [2,4] [5,7] [1,5] [2,6] [4,7] [1,3] [2,3] [1,5] [1,2] [0,3] [0,7] [0,7] [0,5] [2,4] [0,3] [2,7] [3,7] [1,4] [0,4] [4,7] [1,4] [0,6] [0,5] [0,1] [1,7] [4,6] [0,4]
Token 115: [0,1] [1,4] [0,4] [3,5] [0,2] [3,7] [0,5] [2,5] [5,7] [3,5] [1,2] [0,1] [1,7] [1,2] [0,2] [0,3] [3,7] [5,6] [6,7] [0,5] [2,3] [3,7] [3,4] [0,6] [1,3] [1,6] [2,6] [1,3] [1,6] [1,3] [4,6] [0,4]
Token 116: [0,7] [0,7] [6,7] [1,3] [0,3] [3,4] [0,1] [2,3] [3,5] [4,7] [1,2] [0,3] [1,7] [1,2] [0,4] [3,4] [5,7] [3,7] [0,4] [5,6] [2,6] [0,7] [0,4] [3,4] [1,3] [1,7] [0,5] [1,7] [3,7] [3,5] [0,4] [2,7]
Token 117: [5,6] [1,2] [0,7] [1,3] [0,3] [0,7] [0,6] [3,4] [1,5] [1,4] [0,2] [3,7] [0,1] [2,3] [1,5] [5,6] [4,7] [5,7] [0,4] [5,7] [1,6] [0,3] [4,6] [0,3] [3,7] [1,7] [0,5] [5,7] [0,3] [5,7] [4,7] [5,7]
Token 118: [3,5] [3,5] [0,1] [6,7] [4,7] [2,4] [5,7] [3,7] [1,2] [4,5] [1,3] [2,6] [0,7] [1,2] [1,5] [0,7] [0,7] [0,5] [2,4] [1,3] [1,7] [3,6] [0,4] [0,4] [1,7] [1,7] [0,6] [0,5] [0,4] [1,7] [2,7] [0,4]
Token 119: [0,1] [0,7] [5,7] [0,5] [1,4] [1,7] [0,2] [1,2] [2,7] [0,5] [6,7] [1,3] [1,7] [0,1] [0,1] [0,3] [1,4] [0,7] [1,5] [2,6] [4,6] [1,5] [1,5] [1,7] [0,7] [0,4] [0,5] [6,7] [2,3] [3,4] [0,7] [2,7]
Token 120: [2,5] [0,5] [4,5] [6,7] [4,6] [2,4] [5,7] [1,5] [2,6] [4,7] [1,3] [2,3] [1,5] [1,2] [0,3] [0,7] [0,7] [0,5] [2,4] [0,3] [2,7] [3,7] [1,4] [0,4] [4,7] [1,4] [0,6] [0,5] [0,1] [1,7] [4,6] [0,4]
Token 121: [0,1] [1,4] [0,4] [3,5] [0,2] [3,7] [0,5] [2,5] [5,7] [3,5] [1,2] [1,4] [1,7] [1,2] [0,2] [0,3] [3,7] [5,6] [6,7] [0,5] [2,3] [0,7] [3,4] [0,6] [3,6] [1,6] [2,6] [1,3] [1,6] [1,3] [4,6] [0,4]
Token 122: [0,7] [0,7] [6,7] [1,3] [0,3] [3,4] [0,1] [2,3] [3,5] [4,7] [1,2] [0,3] [0,1] [1,2] [0,4] [3,4] [5,7] [3,7] [0,7] [5,6] [2,6] [0,7] [0,4] [0,3] [1,3] [1,7] [0,5] [1,7] [3,7] [3,5] [0,4] [2,7]
Token 123: [5,6] [1,2] [0,7] [1,3] [0,3] [0,7] [0,6] [3,4] [1,5] [4,5] [2,4] [3,7] [0,1] [2,3] [1,5] [2,6] [4,7] [5,7] [0,4] [1,5] [2,6] [0,3] [4,6] [0,7] [2,3] [1,7] [0,5] [0,4] [0,3] [5,7] [4,7] [5,7]
Token 124: [3,5] [3,5] [0,1] [6,7] [4,7] [2,4] [5,7] [3,7] [1,2] [4,5] [1,3] [2,6] [0,7] [1,2] [1,5] [0,7] [0,7] [0,5] [2,4] [1,3] [1,7] [3,5] [0,4] [0,4] [1,7] [1,7] [0,6] [0,2] [0,4] [1,7] [2,7] [0,4]
Token 125: [0,1] [0,7] [5,7] [0,5] [1,4] [1,7] [0,2] [1,2] [2,7] [0,5] [6,7] [1,3] [1,7] [0,1] [0,1] [0,3] [1,4] [0,7] [1,5] [2,6] [4,6] [1,5] [1,5] [1,7] [0,7] [0,2] [0,5] [6,7] [2,3] [3,4] [0,7] [2,7]
Token 126: [2,5] [0,5] [4,5] [6,7] [4,6] [2,4] [5,7] [1,5] [2,6] [4,7] [1,7] [2,3] [1,5] [1,2] [0,2] [0,7] [0,7] [0,5] [2,4] [0,3] [2,7] [3,7] [1,4] [0,4] [4,7] [4,6] [0,6] [0,5] [0,1] [1,7] [4,6] [0,4]
Token 127: [0,1] [1,4] [0,4] [3,5] [0,2] [3,7] [0,5] [2,5] [5,7] [3,5] [1,2] [1,4] [1,7] [1,2] [0,2] [0,3] [3,7] [5,6] [6,7] [0,3] [2,3] [3,7] [3,4] [0,6] [3,6] [1,6] [2,6] [1,3] [1,6] [1,3] [4,6] [0,4]
