MODEL: mixtral_8x7b
TOKEN_COUNT: 75
ACTIVE_EXPERTS: 2
================================================================================
PROMPT TEXT:
As the Nameless officially do not exist , the upper echelons of the Gallian Army exploit the concept of plausible deniability in order to send them on missions that would otherwise make Gallia lose face in the war . While at times this works to their advantage , such as a successful incursion into Imperial territory , other orders cause certain members of the 422nd great distress . One such member , <unk> , becomes so enraged that he abandons his post and defects into the ranks of Calamity Raven , attached to the ideal of Darcsen independence proposed by their leader , Dahau . At the same time , elements within Gallian Army Command move to erase the Nameless in order to protect their own interests . Hounded by both allies and enemies , and combined with the presence of a traitor within their ranks , the 422nd desperately move to keep themselves alive while at the same time fight to help the Gallian war effort . This continues until the Nameless 's commanding officer , Ramsey Crowe , who had been kept under house arrest , is escorted to the capital city of <unk> in order to present evidence exonerating the weary soldiers and expose the real traitor , the Gallian General that had accused Kurt of Treason .
================================================================================
GENERATED TEXT:


Mods

No mods were found matching the criteria specified. We suggest you try the mod list with no filter applied, to browse all available. Add mod and help us achieve our mission of showcasing the best content from all developers. Join now to share your own content, we welcome creators and consumers alike and look forward to your comments.
================================================================================
EXPERT TRACE (Per token, list of layer expert IDs):
================================================================================
Token   0: [3,7] [2,3] [0,2] [4,5] [4,5] [0,6] [1,4] [0,2] [1,6] [3,7] [2,4] [3,5] [2,6] [0,4] [2,6] [3,7] [3,7] [4,6] [0,7] [1,6] [3,6] [6,7] [2,3] [1,3] [2,7] [2,7] [0,7] [1,4] [2,5] [0,3] [3,5] [3,6]
Token   1: [5,6] [2,6] [6,7] [0,3] [1,7] [1,3] [0,6] [5,6] [3,4] [4,7] [0,4] [2,4] [1,3] [0,2] [0,4] [3,4] [5,7] [3,7] [4,7] [1,5] [1,4] [2,5] [2,4] [3,6] [3,7] [1,4] [4,5] [3,7] [3,5] [3,5] [0,5] [2,5]
Token   2: [2,6] [0,5] [2,3] [0,3] [2,7] [1,7] [2,7] [4,6] [3,6] [4,7] [3,4] [2,5] [3,4] [0,2] [4,7] [3,5] [0,1] [3,7] [5,7] [3,6] [0,1] [1,5] [1,4] [0,2] [2,3] [3,5] [4,5] [1,5] [6,7] [1,7] [5,7] [1,5]
Token   3: [2,6] [0,5] [1,4] [1,2] [2,7] [0,1] [6,7] [3,4] [3,6] [0,7] [2,3] [2,5] [3,4] [5,6] [4,6] [3,7] [1,2] [2,7] [6,7] [2,5] [0,1] [5,7] [1,2] [0,2] [2,3] [3,5] [3,4] [2,5] [3,5] [0,1] [2,7] [0,4]
Token   4: [0,7] [2,7] [0,3] [0,3] [3,7] [0,4] [2,5] [5,6] [3,5] [5,7] [2,3] [0,1] [3,6] [5,7] [0,1] [3,5] [3,5] [6,7] [1,3] [1,4] [1,7] [2,6] [1,5] [0,4] [1,4] [2,3] [2,4] [1,4] [3,5] [3,5] [0,5] [2,7]
Token   5: [5,6] [1,2] [1,7] [1,3] [3,7] [3,5] [0,5] [5,6] [3,4] [1,7] [2,4] [1,2] [1,3] [2,7] [1,4] [1,3] [5,7] [6,7] [0,3] [1,4] [1,7] [2,6] [1,6] [0,4] [4,5] [2,3] [2,3] [3,7] [3,5] [3,5] [0,4] [2,7]
Token   6: [2,6] [0,2] [2,4] [3,4] [0,6] [1,6] [2,4] [4,6] [1,7] [1,5] [2,6] [1,7] [3,7] [0,5] [4,7] [3,5] [4,7] [3,7] [3,5] [0,7] [0,3] [2,3] [1,6] [0,2] [1,2] [3,7] [4,7] [5,6] [2,5] [1,7] [3,6] [1,5]
Token   7: [2,6] [2,4] [1,2] [0,4] [2,7] [0,1] [6,7] [3,4] [3,6] [0,7] [1,3] [2,5] [2,4] [1,5] [3,7] [3,7] [0,1] [3,7] [1,7] [2,3] [0,1] [1,5] [1,6] [0,5] [1,2] [0,5] [4,6] [1,5] [2,7] [1,7] [6,7] [1,5]
Token   8: [2,6] [2,5] [1,5] [0,4] [0,7] [0,1] [1,6] [4,6] [3,6] [0,7] [1,3] [2,5] [4,5] [5,7] [3,7] [3,7] [1,7] [3,7] [6,7] [2,5] [1,7] [3,7] [1,6] [2,5] [0,2] [0,3] [1,4] [2,6] [2,5] [1,4] [6,7] [0,4]
Token   9: [1,4] [2,6] [5,6] [4,5] [2,5] [1,6] [2,4] [3,6] [0,7] [1,7] [2,6] [0,3] [1,3] [0,5] [2,7] [2,3] [5,7] [4,7] [0,6] [2,6] [0,1] [2,7] [0,6] [0,4] [2,4] [2,3] [2,4] [2,6] [2,7] [0,2] [3,7] [4,5]
Token  10: [4,6] [1,6] [6,7] [4,6] [0,1] [3,4] [1,4] [4,6] [1,7] [0,1] [5,6] [0,6] [1,4] [2,5] [0,3] [0,3] [3,7] [0,7] [1,7] [2,6] [1,7] [2,7] [0,6] [0,7] [4,6] [1,2] [2,4] [6,7] [0,5] [2,6] [6,7] [0,4]
Token  11: [4,5] [1,6] [2,6] [4,5] [0,7] [2,6] [4,5] [1,3] [6,7] [0,1] [6,7] [2,3] [1,6] [0,4] [1,2] [5,6] [4,7] [3,6] [1,5] [5,6] [0,7] [2,7] [5,6] [4,7] [1,5] [1,7] [3,5] [6,7] [0,6] [4,5] [6,7] [2,4]
Token  12: [4,7] [3,6] [1,6] [1,5] [3,6] [5,6] [0,4] [1,3] [3,6] [0,1] [3,4] [1,3] [1,6] [1,3] [1,7] [0,3] [1,3] [5,6] [1,2] [1,6] [0,3] [2,7] [3,4] [0,7] [1,2] [2,5] [3,4] [6,7] [5,6] [0,7] [0,6] [1,5]
Token  13: [2,7] [1,3] [1,2] [1,7] [0,2] [0,7] [0,7] [6,7] [3,6] [1,7] [3,6] [2,5] [1,4] [1,3] [0,3] [3,4] [3,7] [0,6] [1,6] [0,6] [3,7] [5,7] [1,5] [0,7] [1,3] [2,5] [3,4] [6,7] [0,1] [0,6] [2,6] [0,4]
Token  14: [1,7] [1,4] [2,6] [0,2] [0,4] [3,4] [3,7] [3,6] [3,6] [4,7] [5,6] [0,6] [4,7] [1,5] [0,2] [2,4] [1,3] [0,5] [1,6] [5,6] [3,5] [2,7] [0,6] [0,7] [1,2] [5,7] [4,5] [3,6] [0,5] [0,2] [5,6] [0,4]
Token  15: [0,6] [3,6] [0,7] [1,5] [0,5] [2,3] [1,5] [3,6] [5,7] [1,4] [0,6] [0,2] [3,7] [4,7] [0,4] [3,4] [5,6] [3,6] [6,7] [6,7] [3,7] [2,7] [1,5] [0,3] [1,3] [5,7] [3,4] [2,3] [0,5] [0,5] [5,6] [2,7]
Token  16: [3,5] [0,5] [2,7] [3,7] [4,5] [2,4] [1,2] [3,4] [4,7] [0,5] [2,6] [0,2] [3,7] [2,5] [1,7] [3,4] [2,3] [2,3] [4,6] [3,6] [2,3] [2,7] [1,2] [0,3] [3,6] [3,5] [3,5] [3,5] [2,6] [1,2] [5,6] [0,4]
Token  17: [2,6] [2,4] [2,6] [0,6] [0,2] [0,3] [3,7] [3,4] [3,5] [2,4] [2,6] [3,7] [1,2] [3,5] [2,4] [3,6] [2,4] [5,7] [0,6] [6,7] [1,3] [2,3] [1,5] [3,6] [1,3] [5,7] [2,4] [2,6] [0,5] [4,5] [5,6] [4,6]
Token  18: [5,6] [2,5] [4,7] [0,2] [5,6] [3,5] [0,2] [3,4] [0,3] [5,6] [2,6] [0,7] [1,2] [2,5] [1,4] [3,6] [0,4] [3,5] [6,7] [3,6] [1,2] [2,4] [0,1] [0,6] [3,6] [3,5] [2,4] [2,5] [0,5] [5,7] [2,6] [0,4]
Token  19: [2,4] [1,2] [5,6] [0,3] [0,5] [0,1] [1,7] [4,6] [0,5] [2,4] [2,6] [3,7] [1,2] [3,4] [2,6] [3,6] [0,5] [0,7] [1,6] [6,7] [3,7] [2,4] [0,1] [0,2] [1,5] [5,7] [5,7] [2,4] [0,3] [5,7] [6,7] [0,4]
Token  20: [0,5] [3,6] [0,5] [5,7] [3,5] [5,7] [4,7] [1,3] [0,6] [0,6] [3,4] [1,3] [1,2] [1,6] [2,7] [0,3] [0,3] [0,5] [1,2] [1,6] [3,5] [0,2] [0,4] [0,6] [1,2] [0,5] [3,4] [2,5] [0,6] [5,7] [0,7] [4,5]
Token  21: [2,7] [1,2] [2,5] [0,6] [4,7] [1,7] [1,7] [3,4] [3,6] [0,7] [1,3] [2,5] [2,4] [1,2] [2,7] [3,4] [0,1] [5,6] [1,5] [0,6] [0,1] [0,2] [1,3] [0,5] [2,3] [0,4] [4,5] [4,5] [2,7] [5,7] [3,7] [1,5]
Token  22: [1,7] [3,4] [2,6] [2,5] [4,7] [2,7] [2,4] [3,4] [3,7] [2,7] [1,3] [3,5] [2,4] [1,6] [0,3] [3,4] [0,1] [0,5] [1,5] [0,6] [1,7] [2,3] [3,5] [0,2] [1,2] [0,2] [2,4] [2,5] [1,5] [6,7] [5,6] [0,4]
Token  23: [0,1] [0,7] [3,7] [4,5] [2,7] [1,2] [0,2] [1,3] [0,7] [0,2] [4,7] [1,3] [2,3] [0,4] [1,6] [5,6] [2,5] [5,7] [1,5] [5,6] [2,7] [2,3] [1,7] [0,6] [1,3] [2,4] [0,7] [4,6] [0,2] [5,7] [5,6] [4,5]
Token  24: [5,7] [0,7] [2,4] [4,6] [1,4] [2,6] [2,4] [4,6] [0,7] [0,2] [3,5] [3,7] [2,3] [0,3] [6,7] [3,6] [4,7] [3,7] [1,3] [6,7] [3,7] [3,4] [0,1] [4,6] [2,3] [0,2] [4,7] [5,6] [2,6] [5,7] [3,5] [1,5]
Token  25: [2,6] [2,4] [1,7] [0,1] [0,7] [0,7] [1,4] [4,6] [3,5] [2,4] [5,6] [5,7] [2,4] [1,5] [2,3] [3,7] [0,1] [5,6] [1,5] [3,7] [4,7] [2,4] [1,3] [0,5] [2,3] [0,5] [0,5] [5,6] [2,5] [6,7] [2,6] [1,4]
Token  26: [0,1] [1,7] [2,6] [0,2] [4,6] [1,4] [1,5] [1,6] [1,5] [2,7] [5,6] [0,5] [0,4] [5,7] [0,3] [0,3] [2,7] [0,5] [1,6] [2,6] [6,7] [4,7] [0,6] [3,4] [0,3] [0,5] [2,4] [5,6] [0,1] [5,6] [5,6] [0,4]
Token  27: [0,4] [3,6] [0,7] [3,4] [1,5] [2,3] [1,5] [4,6] [0,5] [2,5] [0,1] [0,4] [3,7] [4,7] [0,3] [0,5] [2,5] [3,6] [5,6] [3,6] [6,7] [2,7] [0,1] [0,4] [3,5] [2,5] [3,4] [6,7] [0,3] [5,7] [5,6] [2,4]
Token  28: [3,5] [0,6] [3,7] [2,7] [2,7] [0,4] [1,5] [1,6] [0,5] [2,5] [0,4] [3,4] [3,7] [1,4] [1,2] [0,6] [0,4] [3,6] [1,5] [3,6] [2,6] [2,7] [0,1] [2,3] [3,5] [0,5] [3,4] [2,4] [0,6] [3,7] [5,6] [0,4]
Token  29: [5,7] [1,7] [4,6] [4,5] [2,5] [2,7] [1,4] [1,4] [0,3] [2,4] [5,6] [3,7] [2,7] [0,1] [0,2] [0,3] [2,6] [3,7] [5,7] [1,6] [3,6] [0,4] [4,5] [2,5] [3,4] [3,4] [4,5] [1,4] [0,5] [2,6] [3,7] [1,4]
Token  30: [2,3] [1,4] [5,6] [0,5] [5,7] [2,4] [1,2] [1,4] [0,5] [0,2] [5,7] [6,7] [2,7] [3,5] [2,3] [2,6] [6,7] [3,5] [3,6] [2,6] [6,7] [0,4] [0,4] [0,6] [3,5] [5,7] [1,4] [4,7] [0,5] [4,5] [6,7] [0,4]
Token  31: [1,4] [5,7] [2,4] [2,5] [3,4] [2,7] [2,4] [1,4] [0,6] [1,2] [4,5] [3,7] [1,6] [3,6] [6,7] [1,6] [1,6] [3,6] [0,5] [2,5] [1,7] [4,7] [0,1] [3,6] [2,3] [2,5] [1,2] [0,2] [2,5] [0,7] [0,6] [4,5]
Token  32: [2,6] [2,3] [1,2] [0,1] [2,4] [6,7] [2,5] [3,6] [1,6] [1,7] [5,6] [0,2] [1,6] [5,6] [6,7] [3,5] [1,3] [5,6] [0,1] [2,6] [0,1] [0,7] [0,1] [2,7] [3,5] [2,5] [1,4] [0,5] [0,5] [0,7] [0,7] [1,5]
Token  33: [0,6] [3,6] [0,7] [4,7] [0,1] [3,7] [4,5] [4,6] [0,7] [4,5] [0,4] [2,4] [3,7] [1,4] [0,4] [3,4] [5,6] [3,6] [0,6] [5,6] [2,6] [4,7] [0,7] [3,5] [3,5] [2,5] [3,4] [0,2] [0,5] [5,7] [5,6] [2,7]
Token  34: [3,5] [0,5] [3,6] [0,3] [0,4] [1,3] [1,4] [3,4] [0,1] [2,3] [2,5] [3,7] [2,3] [0,5] [2,6] [3,5] [1,2] [6,7] [0,4] [1,6] [0,6] [0,2] [1,7] [2,6] [0,3] [1,5] [3,4] [0,6] [5,6] [0,7] [5,6] [1,4]
Token  35: [2,3] [5,7] [2,4] [0,7] [2,7] [0,1] [1,6] [3,4] [0,3] [0,7] [1,3] [2,5] [1,4] [1,2] [2,7] [3,4] [0,1] [3,5] [1,5] [5,6] [3,7] [5,6] [2,6] [0,5] [2,3] [1,5] [4,6] [4,5] [2,5] [1,7] [6,7] [1,4]
Token  36: [0,1] [2,6] [4,7] [3,4] [1,6] [3,7] [1,4] [2,3] [0,7] [0,3] [0,5] [0,3] [0,3] [2,7] [1,5] [0,6] [2,3] [3,4] [1,5] [1,6] [3,5] [2,3] [2,6] [0,4] [0,2] [2,3] [4,6] [5,6] [0,5] [3,7] [5,7] [4,5]
Token  37: [3,7] [1,4] [5,6] [3,7] [2,6] [1,3] [1,4] [3,4] [1,3] [0,3] [2,5] [6,7] [3,5] [4,5] [0,2] [3,6] [2,4] [1,6] [3,7] [1,3] [3,5] [2,3] [2,6] [0,6] [2,6] [2,3] [4,6] [0,2] [1,5] [4,6] [6,7] [4,5]
Token  38: [0,5] [5,7] [0,3] [2,5] [3,4] [3,5] [2,4] [3,4] [1,4] [0,5] [2,6] [0,2] [1,4] [2,5] [3,7] [2,3] [2,4] [2,3] [6,7] [3,6] [3,5] [2,6] [2,6] [2,6] [2,6] [2,3] [4,5] [4,6] [0,5] [5,6] [5,7] [0,4]
Token  39: [0,4] [1,4] [5,6] [0,5] [0,7] [4,6] [2,4] [5,6] [1,7] [0,1] [5,7] [3,6] [5,6] [1,5] [2,7] [2,3] [2,6] [3,7] [1,5] [3,5] [3,5] [2,6] [0,6] [2,4] [2,6] [5,6] [0,6] [0,5] [1,6] [4,6] [6,7] [4,6]
Token  40: [0,4] [3,6] [1,5] [2,7] [5,6] [6,7] [3,4] [3,5] [1,4] [0,1] [3,6] [0,3] [1,6] [1,6] [2,7] [0,3] [3,4] [2,6] [0,2] [3,4] [3,5] [2,3] [0,3] [4,6] [2,6] [2,5] [3,6] [5,7] [2,5] [1,7] [5,6] [1,5]
Token  41: [2,4] [2,4] [1,2] [1,7] [0,6] [4,7] [5,7] [0,6] [1,3] [4,7] [3,6] [5,6] [4,5] [1,6] [0,2] [3,4] [1,3] [0,5] [1,5] [3,4] [3,5] [3,6] [0,1] [0,6] [6,7] [3,5] [5,6] [6,7] [0,1] [2,6] [6,7] [0,4]
Token  42: [2,5] [0,6] [2,6] [5,7] [6,7] [0,4] [5,7] [1,5] [0,5] [0,6] [4,7] [3,4] [1,6] [0,4] [1,2] [5,6] [4,5] [3,4] [1,6] [0,3] [1,3] [2,6] [0,1] [2,6] [6,7] [3,5] [3,6] [0,2] [0,6] [2,5] [3,5] [0,4]
Token  43: [2,7] [5,7] [0,1] [0,7] [0,6] [1,6] [1,3] [0,5] [1,3] [2,5] [3,5] [2,3] [4,7] [0,1] [2,7] [3,5] [1,2] [3,6] [3,5] [3,5] [3,4] [3,4] [1,3] [0,6] [1,7] [5,6] [0,3] [3,6] [1,5] [6,7] [6,7] [1,5]
Token  44: [0,3] [4,5] [2,6] [2,5] [4,6] [2,7] [4,7] [0,5] [1,3] [2,5] [5,6] [2,3] [4,5] [0,1] [2,4] [0,3] [1,2] [3,6] [1,5] [1,3] [3,6] [5,7] [1,3] [1,6] [1,7] [4,5] [1,2] [4,6] [5,7] [0,6] [3,5] [1,5]
Token  45: [3,7] [1,6] [2,6] [0,4] [0,6] [4,6] [1,7] [0,5] [1,5] [0,2] [4,5] [3,6] [5,6] [0,5] [2,3] [2,6] [2,5] [0,3] [3,6] [2,5] [1,6] [1,3] [0,3] [0,6] [5,7] [4,5] [1,5] [0,6] [1,5] [0,4] [5,6] [0,4]
Token  46: [4,7] [3,6] [5,6] [1,2] [3,6] [5,6] [0,4] [1,5] [3,6] [0,1] [3,4] [1,3] [4,6] [1,6] [2,7] [0,3] [1,3] [2,3] [0,2] [2,6] [3,4] [0,7] [0,3] [0,6] [4,7] [4,5] [1,2] [0,4] [1,5] [0,7] [0,5] [1,5]
Token  47: [2,7] [1,3] [2,4] [0,7] [0,3] [0,7] [0,4] [2,5] [0,3] [1,2] [4,6] [2,3] [1,6] [3,6] [2,6] [1,5] [0,3] [4,6] [0,3] [1,7] [1,4] [1,3] [3,6] [6,7] [3,7] [0,2] [1,2] [2,5] [1,7] [1,7] [6,7] [4,5]
Token  48: [2,3] [5,6] [2,4] [1,2] [0,4] [1,7] [2,6] [2,4] [0,4] [1,7] [1,3] [2,5] [4,7] [1,7] [0,2] [3,4] [1,3] [0,3] [0,6] [2,6] [1,5] [3,4] [3,6] [6,7] [5,6] [3,4] [1,2] [0,7] [1,5] [0,7] [2,6] [0,4]
Token  49: [1,7] [1,6] [0,3] [4,6] [2,7] [2,5] [1,5] [1,2] [0,5] [0,3] [4,7] [2,3] [1,6] [0,4] [1,5] [5,6] [5,7] [1,3] [1,6] [0,3] [0,1] [3,6] [2,6] [0,7] [6,7] [0,2] [1,3] [5,6] [1,5] [5,7] [6,7] [4,7]
Token  50: [5,7] [0,3] [0,4] [1,6] [3,4] [5,7] [2,4] [1,2] [4,6] [0,1] [2,3] [3,7] [1,6] [1,6] [2,6] [5,6] [1,6] [3,6] [0,5] [2,5] [3,4] [3,7] [1,2] [2,6] [5,6] [0,2] [1,3] [2,5] [1,7] [1,7] [6,7] [4,5]
Token  51: [2,6] [2,5] [0,5] [0,1] [0,4] [0,4] [1,2] [2,6] [0,6] [0,3] [1,3] [2,5] [1,4] [6,7] [0,2] [4,7] [2,6] [0,3] [0,6] [2,3] [2,3] [3,7] [1,7] [0,7] [5,6] [0,5] [2,3] [2,5] [1,5] [0,7] [3,6] [0,4]
Token  52: [0,6] [3,6] [0,7] [3,5] [0,1] [3,7] [4,5] [4,6] [0,7] [4,5] [0,2] [2,4] [3,7] [2,4] [0,4] [2,3] [5,6] [2,6] [0,6] [5,6] [0,3] [4,6] [3,7] [0,5] [0,3] [0,5] [2,3] [2,5] [0,5] [5,7] [5,7] [2,4]
Token  53: [3,5] [0,5] [3,6] [0,3] [1,4] [4,5] [1,4] [0,2] [1,4] [0,3] [2,7] [2,7] [2,7] [0,5] [2,4] [2,3] [2,6] [1,7] [0,4] [3,6] [3,7] [3,7] [3,6] [0,2] [3,6] [4,5] [3,7] [2,6] [1,5] [4,7] [6,7] [2,4]
Token  54: [1,5] [2,7] [2,4] [2,5] [1,5] [5,7] [4,5] [1,6] [1,7] [2,5] [2,5] [2,7] [0,7] [5,7] [0,3] [2,3] [2,3] [3,7] [1,6] [5,6] [3,7] [3,4] [2,6] [0,2] [3,6] [0,2] [4,7] [5,6] [0,5] [6,7] [6,7] [0,4]
Token  55: [5,6] [6,7] [2,5] [5,7] [3,7] [0,4] [1,4] [0,1] [0,5] [3,5] [4,7] [0,4] [3,7] [2,4] [1,2] [3,6] [4,6] [3,4] [1,5] [3,6] [3,5] [2,3] [0,1] [0,2] [2,5] [2,5] [3,7] [0,2] [0,7] [6,7] [5,7] [0,4]
Token  56: [5,7] [1,4] [5,7] [0,5] [0,6] [1,3] [1,4] [4,7] [0,1] [2,3] [5,7] [3,7] [2,7] [1,5] [2,3] [2,3] [2,4] [3,7] [1,3] [2,5] [2,5] [0,4] [0,3] [0,4] [1,5] [5,7] [6,7] [4,7] [1,7] [4,6] [5,6] [4,6]
Token  57: [1,7] [5,6] [1,5] [2,7] [5,6] [3,7] [3,4] [3,4] [0,3] [0,3] [3,5] [0,3] [1,6] [5,6] [2,7] [1,3] [3,4] [4,6] [0,2] [4,6] [1,5] [3,4] [0,5] [0,6] [0,6] [3,7] [0,7] [0,2] [2,5] [1,7] [5,6] [1,5]
Token  58: [0,2] [2,6] [4,7] [0,1] [4,6] [0,7] [4,7] [1,3] [3,6] [0,1] [2,3] [0,3] [1,6] [5,6] [6,7] [1,5] [4,7] [3,6] [0,1] [3,4] [4,6] [4,6] [0,1] [0,6] [2,3] [3,7] [5,6] [0,7] [5,7] [6,7] [0,5] [1,5]
Token  59: [2,4] [2,5] [2,4] [1,2] [0,4] [1,7] [4,6] [2,4] [0,3] [1,7] [3,5] [2,5] [4,7] [2,7] [2,3] [3,4] [3,7] [0,3] [0,1] [4,6] [5,6] [4,6] [5,6] [0,6] [1,2] [3,7] [2,6] [0,7] [1,5] [6,7] [5,6] [0,4]
Token  60: [0,1] [3,6] [0,7] [3,4] [1,5] [3,7] [1,4] [2,4] [0,5] [0,5] [0,5] [0,4] [3,6] [2,7] [0,5] [0,5] [2,4] [2,6] [0,5] [1,3] [1,6] [3,7] [0,3] [0,6] [0,5] [3,5] [3,7] [0,7] [6,7] [6,7] [5,6] [4,6]
Token  61: [3,5] [0,6] [2,3] [2,5] [4,5] [2,4] [0,4] [3,4] [4,7] [0,5] [2,6] [1,4] [3,7] [2,3] [1,7] [3,4] [1,2] [2,5] [4,6] [0,3] [1,6] [4,7] [2,3] [0,6] [0,2] [3,5] [3,7] [0,7] [1,7] [2,7] [5,7] [0,4]
Token  62: [2,6] [2,4] [6,7] [0,1] [0,3] [2,7] [1,7] [0,2] [1,5] [0,3] [2,6] [6,7] [5,7] [3,5] [2,3] [5,6] [1,2] [0,7] [3,6] [1,2] [0,1] [3,6] [2,3] [0,6] [0,6] [3,7] [6,7] [5,6] [1,6] [4,5] [0,5] [0,4]
Token  63: [2,4] [5,7] [1,3] [1,6] [0,4] [0,1] [2,4] [0,2] [3,6] [4,5] [5,6] [2,5] [4,7] [0,1] [2,7] [0,3] [1,2] [3,6] [1,5] [2,6] [0,3] [2,5] [1,7] [0,6] [0,4] [0,4] [1,5] [1,4] [6,7] [0,2] [3,5] [1,5]
Token  64: [2,3] [5,7] [1,5] [1,2] [0,7] [0,7] [0,2] [2,6] [3,6] [0,3] [1,3] [2,5] [4,5] [2,6] [2,3] [4,7] [2,6] [0,7] [1,6] [2,5] [0,7] [3,7] [2,7] [1,6] [0,5] [5,7] [2,5] [1,2] [1,6] [0,4] [5,6] [0,4]
Token  65: [0,1] [2,6] [4,7] [3,4] [1,6] [3,7] [1,4] [2,6] [0,5] [0,3] [0,2] [0,3] [3,6] [2,6] [5,6] [5,6] [3,5] [4,7] [0,5] [1,2] [1,3] [2,6] [0,2] [0,6] [2,6] [3,6] [1,6] [6,7] [3,7] [4,7] [5,7] [4,5]
Token  66: [3,7] [0,5] [1,5] [0,1] [4,5] [4,6] [0,2] [0,4] [0,2] [0,2] [3,5] [2,5] [4,5] [1,2] [0,3] [2,7] [2,6] [0,7] [1,6] [2,3] [3,4] [4,6] [0,7] [5,6] [0,6] [5,7] [2,5] [0,1] [1,4] [5,6] [5,6] [0,4]
Token  67: [0,1] [1,2] [1,2] [2,6] [1,6] [6,7] [2,5] [2,4] [2,4] [0,1] [0,2] [3,7] [1,7] [1,7] [0,2] [0,3] [2,7] [0,6] [1,6] [1,2] [2,4] [6,7] [0,7] [0,6] [0,2] [5,6] [2,3] [0,1] [1,3] [6,7] [5,6] [0,4]
Token  68: [0,7] [2,6] [4,7] [3,4] [1,6] [3,7] [1,5] [2,6] [0,5] [5,6] [0,2] [4,7] [3,7] [2,4] [1,5] [0,3] [2,5] [2,4] [0,7] [1,2] [2,3] [5,7] [1,2] [0,1] [2,6] [3,6] [1,6] [1,7] [0,6] [3,5] [5,6] [0,4]
Token  69: [3,7] [0,1] [3,6] [0,5] [0,5] [5,6] [1,7] [0,6] [1,7] [0,4] [2,6] [6,7] [3,7] [1,3] [0,2] [2,3] [1,2] [4,7] [4,5] [0,6] [3,7] [0,5] [1,7] [0,3] [3,6] [3,7] [2,3] [6,7] [0,6] [2,7] [5,7] [0,4]
Token  70: [3,6] [3,5] [2,3] [0,2] [0,2] [5,7] [1,2] [2,3] [1,7] [0,7] [2,6] [6,7] [5,7] [3,5] [0,2] [2,3] [2,3] [1,7] [4,7] [1,6] [3,6] [4,7] [1,2] [0,2] [5,6] [3,7] [2,3] [1,7] [0,6] [5,7] [6,7] [0,4]
Token  71: [3,4] [5,7] [5,7] [0,4] [3,7] [0,4] [0,1] [1,2] [0,1] [0,3] [4,7] [0,4] [1,6] [2,4] [1,2] [0,6] [4,5] [3,4] [0,6] [1,3] [1,3] [4,7] [1,2] [0,2] [5,6] [5,7] [3,6] [1,7] [5,6] [2,5] [5,6] [4,6]
Token  72: [5,7] [3,7] [1,5] [2,7] [5,6] [3,6] [3,4] [3,4] [1,3] [0,3] [2,3] [0,3] [6,7] [1,2] [2,7] [1,3] [3,4] [4,5] [0,7] [2,6] [3,4] [3,4] [0,1] [2,5] [5,6] [2,7] [3,6] [0,1] [5,6] [1,7] [5,6] [1,5]
Token  73: [2,7] [2,3] [4,5] [1,6] [0,2] [2,5] [1,4] [3,4] [1,3] [1,3] [5,6] [3,5] [2,4] [2,5] [0,3] [3,4] [2,3] [0,7] [1,7] [3,6] [3,4] [0,7] [1,6] [2,7] [3,5] [0,5] [2,3] [2,5] [1,5] [6,7] [6,7] [0,4]
Token  74: [0,6] [3,6] [0,7] [1,3] [0,1] [2,3] [4,5] [4,6] [0,7] [0,4] [0,7] [2,4] [1,7] [2,4] [0,4] [2,3] [5,6] [2,6] [0,1] [3,5] [1,3] [4,6] [3,7] [0,2] [0,5] [0,5] [2,3] [2,5] [1,5] [5,7] [5,6] [2,7]
