MODEL: mixtral_8x7b
TOKEN_COUNT: 22
ACTIVE_EXPERTS: 2
================================================================================
PROMPT TEXT:
In September 2010 , a teaser website was revealed by Sega , hinting at a new Valkyria Chronicles game . In its September issue , Famitsu listed that Senjō no Valkyria 3 would be arriving on the PlayStation Portable . Its first public appearance was at the 2010 Tokyo Game Show ( TGS ) , where a demo was made available for journalists and attendees . During the publicity , story details were kept scant so as not to spoil too much for potential players , along with some of its content still being in flux at the time of its reveal . To promote the game and detail the story leading into the game 's events , an episodic Flash visual novel written by Fujii began release in January 2011 . The game was released January 27 , 2011 . During an interview , the development team said that the game had the capacity for downloadable content ( DLC ) , but that no plans were finalized . Multiple DLC maps , featuring additional missions and recruitable characters , were released between February and April 2011 . An expanded edition of the game , Valkyria Chronicles III Extra Edition , released on November 23 , 2011 . Packaged and sold at a lower price than the original , Extra Edition game with seven additional episodes : three new , three chosen by staff from the game 's DLC , and one made available as a pre @-@ order bonus . People who also owned the original game could transfer their save data between versions .
================================================================================
GENERATED TEXT:
, and the game was released in North America on January 17 , 2012 .
================================================================================
EXPERT TRACE (Per token, list of layer expert IDs):
================================================================================
Token   0: [1,2] [3,4] [4,6] [1,3] [6,7] [1,7] [0,6] [5,6] [2,7] [2,6] [0,3] [1,2] [3,5] [1,2] [4,6] [4,7] [0,1] [0,7] [5,7] [0,3] [1,4] [4,5] [2,6] [1,5] [1,3] [1,3] [1,5] [4,5] [0,1] [1,4] [2,7] [0,2]
Token   1: [0,3] [2,7] [0,6] [1,2] [3,5] [1,2] [0,5] [1,5] [1,2] [5,7] [0,2] [0,1] [3,7] [1,3] [0,1] [0,5] [2,4] [2,7] [2,5] [2,7] [2,6] [2,5] [0,6] [6,7] [3,5] [1,5] [2,5] [6,7] [3,7] [4,5] [4,7] [2,7]
Token   2: [3,5] [0,2] [4,7] [6,7] [3,6] [3,7] [0,1] [0,5] [2,5] [5,7] [0,2] [6,7] [3,5] [1,2] [1,5] [0,6] [2,5] [4,7] [1,5] [0,7] [2,4] [2,5] [5,6] [4,7] [1,4] [0,5] [4,7] [6,7] [3,7] [3,4] [1,4] [6,7]
Token   3: [3,5] [2,7] [6,7] [2,7] [3,6] [5,6] [2,6] [0,5] [1,6] [6,7] [0,2] [0,1] [3,5] [2,3] [5,7] [0,6] [2,3] [4,5] [0,2] [1,4] [1,5] [0,1] [0,5] [0,7] [0,2] [1,5] [3,5] [5,6] [1,2] [3,6] [0,1] [5,7]
Token   4: [2,7] [2,3] [5,7] [3,5] [1,2] [1,4] [5,7] [0,6] [0,4] [0,7] [1,3] [4,6] [4,5] [2,5] [1,4] [2,4] [2,6] [2,4] [6,7] [0,3] [2,7] [0,2] [3,4] [1,6] [1,2] [0,5] [4,6] [2,7] [6,7] [1,6] [2,4] [0,6]
Token   5: [0,1] [2,7] [6,7] [1,5] [2,5] [1,6] [2,4] [0,6] [4,7] [4,7] [2,5] [0,6] [3,5] [3,5] [1,4] [2,6] [5,6] [1,4] [5,6] [4,6] [0,4] [2,6] [3,5] [1,3] [2,3] [5,7] [2,7] [2,5] [2,7] [0,2] [1,4] [4,6]
Token   6: [6,7] [1,4] [5,6] [0,5] [4,6] [0,2] [4,7] [6,7] [1,7] [3,4] [2,5] [0,6] [2,5] [3,5] [1,4] [2,3] [6,7] [0,1] [2,4] [2,5] [4,6] [2,6] [3,6] [2,3] [5,6] [4,7] [1,6] [0,3] [0,4] [2,5] [2,6] [0,4]
Token   7: [4,7] [0,6] [3,7] [4,5] [2,7] [0,4] [0,7] [5,7] [2,7] [3,4] [4,7] [0,1] [1,2] [0,4] [1,5] [3,5] [5,7] [1,5] [1,6] [0,6] [4,6] [6,7] [1,5] [2,7] [0,7] [3,4] [3,7] [6,7] [2,4] [3,4] [3,4] [2,7]
Token   8: [2,5] [0,5] [0,2] [2,4] [2,6] [0,4] [1,4] [1,5] [1,6] [4,5] [2,3] [2,7] [0,2] [1,7] [3,4] [1,7] [0,1] [3,5] [3,5] [1,3] [1,7] [3,7] [2,3] [2,7] [5,7] [0,2] [1,5] [4,6] [2,5] [1,2] [3,5] [1,5]
Token   9: [1,5] [2,6] [1,5] [4,7] [2,4] [4,7] [5,7] [1,5] [1,6] [4,5] [2,3] [2,5] [0,2] [2,7] [3,4] [2,7] [0,7] [0,2] [2,4] [2,5] [4,6] [2,6] [3,6] [1,3] [5,6] [4,7] [1,6] [0,3] [0,4] [1,2] [2,6] [0,4]
Token  10: [1,7] [0,3] [3,5] [4,5] [2,6] [1,7] [4,7] [1,7] [5,7] [3,4] [4,7] [0,1] [2,5] [0,3] [4,5] [2,4] [5,6] [5,7] [1,7] [1,7] [4,6] [6,7] [0,1] [3,7] [5,6] [3,5] [3,7] [4,7] [0,6] [3,5] [5,7] [2,7]
Token  11: [5,7] [5,7] [2,4] [6,7] [0,1] [2,6] [1,5] [5,7] [1,7] [3,4] [2,5] [2,7] [0,5] [0,3] [4,6] [2,3] [0,6] [5,7] [2,7] [1,5] [2,6] [4,7] [1,2] [2,6] [1,6] [1,3] [2,3] [3,6] [1,6] [2,7] [6,7] [0,4]
Token  12: [0,2] [1,4] [4,5] [4,7] [0,1] [4,5] [4,7] [5,7] [1,7] [3,4] [4,7] [0,1] [2,5] [0,3] [4,5] [2,4] [5,6] [4,5] [3,7] [1,3] [2,3] [4,7] [0,2] [0,7] [1,6] [4,6] [3,7] [1,6] [3,6] [2,7] [5,7] [2,7]
Token  13: [1,2] [2,6] [3,4] [0,2] [6,7] [1,7] [1,6] [5,6] [4,5] [4,7] [0,2] [2,4] [0,3] [2,4] [0,4] [0,2] [3,6] [4,6] [4,7] [1,3] [0,2] [2,7] [1,2] [3,4] [6,7] [0,6] [3,7] [2,7] [0,6] [6,7] [5,7] [0,7]
Token  14: [4,6] [3,6] [2,4] [0,2] [4,5] [6,7] [1,5] [5,6] [1,7] [3,4] [1,2] [6,7] [0,5] [1,3] [0,3] [0,2] [3,4] [5,7] [2,7] [1,5] [4,6] [2,4] [0,1] [0,6] [0,1] [1,3] [2,6] [0,4] [0,4] [1,7] [6,7] [0,4]
Token  15: [0,4] [0,6] [0,6] [3,5] [1,5] [2,3] [5,7] [5,6] [1,5] [4,5] [0,2] [1,4] [0,3] [2,7] [0,4] [0,2] [5,7] [4,6] [1,5] [2,7] [2,6] [1,7] [0,5] [3,7] [0,6] [0,2] [3,5] [2,7] [2,3] [1,7] [5,7] [2,4]
Token  16: [3,5] [2,5] [5,7] [0,2] [6,7] [1,6] [1,2] [4,7] [1,2] [4,7] [0,6] [2,3] [0,3] [1,2] [2,7] [2,3] [3,7] [3,7] [1,6] [0,1] [2,6] [3,7] [2,4] [2,5] [1,3] [6,7] [0,3] [1,6] [3,5] [0,1] [3,5] [2,7]
Token  17: [2,5] [2,6] [1,3] [0,3] [6,7] [1,7] [0,1] [1,4] [1,2] [4,7] [0,6] [0,3] [4,6] [0,2] [2,7] [2,5] [3,7] [6,7] [3,4] [0,6] [2,6] [3,6] [0,7] [3,5] [2,7] [2,6] [0,3] [1,3] [3,5] [0,1] [5,7] [1,7]
Token  18: [6,7] [4,5] [3,4] [1,7] [0,2] [5,6] [1,5] [2,5] [1,7] [3,4] [2,7] [0,7] [1,2] [0,3] [4,5] [2,4] [0,5] [5,7] [1,7] [2,3] [1,2] [5,7] [2,3] [3,4] [1,5] [3,5] [1,2] [0,2] [0,6] [2,7] [5,7] [2,7]
Token  19: [4,7] [2,4] [1,3] [5,6] [0,1] [1,7] [5,7] [2,6] [4,5] [4,7] [0,1] [2,4] [0,3] [2,7] [4,7] [0,2] [3,5] [3,6] [0,7] [1,3] [1,2] [3,7] [0,2] [3,4] [0,1] [3,7] [1,5] [2,5] [0,6] [6,7] [5,7] [1,5]
Token  20: [4,7] [4,5] [0,2] [1,6] [0,1] [2,7] [5,7] [5,6] [1,7] [3,4] [1,2] [2,7] [0,1] [2,7] [0,3] [0,1] [3,7] [0,5] [2,7] [2,5] [3,6] [2,6] [3,6] [5,6] [5,7] [1,4] [1,6] [0,3] [1,4] [1,2] [2,6] [0,4]
Token  21: [4,7] [6,7] [0,7] [3,5] [1,5] [2,3] [5,7] [5,6] [4,5] [3,4] [0,2] [2,4] [3,7] [2,4] [0,4] [0,2] [5,6] [4,5] [0,1] [5,7] [4,6] [2,5] [5,6] [2,3] [4,5] [1,3] [5,7] [1,7] [1,3] [4,5] [0,4] [2,7]
