MODEL: mixtral_8x7b
TOKEN_COUNT: 128
ACTIVE_EXPERTS: 2
================================================================================
PROMPT TEXT:
The game takes place during the Second Europan War . Gallian Army Squad 422 , also known as " The Nameless " , are a penal military unit composed of criminals , foreign deserters , and military offenders whose real names are erased from the records and thereon officially referred to by numbers . Ordered by the Gallian military to perform the most dangerous missions that the Regular Army and Militia will not do , they are nevertheless up to the task , exemplified by their motto , <unk> <unk> , meaning " Always Ready . " The three main characters are No.7 Kurt Irving , an army officer falsely accused of treason who wishes to redeem himself ; Ace No.1 Imca , a female Darcsen heavy weapons specialist who seeks revenge against the Valkyria who destroyed her home ; and No.13 Riela <unk> , a seemingly jinxed young woman who is unknowingly a descendant of the Valkyria . Together with their fellow squad members , these three are tasked to fight against a mysterious Imperial unit known as Calamity Raven , consisting of mostly Darcsen soldiers .
================================================================================
GENERATED TEXT:


The game is a tactical role-playing game , with a turn-based battle system . The player controls a squad of up to six members , each with their own unique abilities and weapons . The player can move each character in a turn , and can use their weapons and abilities to attack enemies . The player can also use the environment to their advantage , such as taking cover behind objects to avoid enemy fire . The game also features a " Command Mode " , which allows the player to issue orders to their squad members , such as moving to a specific location or attacking a specific enemy .

The game also features a " Sk
================================================================================
EXPERT TRACE (Per token, list of layer expert IDs):
================================================================================
Token   0: [0,7] [2,3] [0,2] [4,5] [4,5] [0,6] [1,4] [0,2] [1,6] [3,7] [2,4] [3,5] [2,6] [0,4] [2,6] [3,7] [3,7] [4,6] [0,7] [1,6] [3,6] [6,7] [2,3] [1,3] [2,7] [2,7] [0,7] [1,4] [2,5] [0,3] [3,5] [3,6]
Token   1: [5,6] [2,6] [6,7] [3,4] [6,7] [3,6] [0,7] [5,6] [6,7] [4,7] [0,4] [2,4] [1,3] [1,2] [2,4] [2,4] [0,7] [3,7] [1,4] [0,1] [1,2] [2,5] [2,4] [3,6] [3,7] [1,4] [0,5] [1,3] [3,5] [3,5] [0,4] [2,7]
Token   2: [5,6] [0,7] [3,6] [3,7] [0,6] [5,6] [2,7] [0,6] [3,4] [4,6] [0,3] [2,4] [3,6] [0,2] [4,7] [0,4] [3,5] [2,5] [0,2] [1,4] [3,5] [0,1] [0,5] [0,7] [0,1] [5,6] [3,5] [1,6] [1,2] [3,6] [0,1] [5,7]
Token   3: [2,7] [1,2] [3,5] [1,3] [2,7] [1,4] [5,7] [2,6] [0,4] [4,7] [1,3] [2,4] [4,5] [2,7] [1,4] [4,7] [0,1] [2,5] [6,7] [0,3] [2,7] [0,3] [4,5] [1,6] [1,7] [0,5] [4,6] [1,2] [6,7] [1,6] [2,4] [0,6]
Token   4: [0,1] [2,7] [6,7] [1,3] [2,5] [1,4] [2,7] [0,6] [4,5] [4,7] [0,2] [0,6] [3,6] [2,5] [4,7] [1,2] [5,7] [1,4] [5,6] [4,6] [0,5] [2,6] [3,5] [1,5] [0,3] [5,7] [2,7] [1,5] [2,7] [0,2] [1,4] [4,6]
Token   5: [4,6] [2,4] [1,6] [5,7] [3,5] [3,6] [0,7] [4,6] [5,6] [5,7] [0,4] [0,6] [5,6] [5,6] [4,7] [1,4] [0,1] [6,7] [0,2] [4,6] [0,5] [2,4] [0,5] [1,3] [0,5] [2,5] [5,7] [5,6] [1,3] [3,6] [1,3] [1,3]
Token   6: [2,3] [2,4] [1,3] [6,7] [1,4] [4,7] [1,2] [2,5] [0,3] [5,6] [0,3] [5,7] [2,4] [0,1] [3,6] [0,5] [0,1] [3,6] [1,5] [1,6] [0,3] [0,7] [1,4] [1,3] [5,6] [2,7] [1,3] [4,6] [5,7] [2,6] [3,5] [1,5]
Token   7: [3,7] [1,4] [2,5] [6,7] [1,7] [4,5] [2,3] [5,6] [0,6] [5,6] [3,5] [5,7] [2,5] [5,6] [5,6] [1,5] [0,1] [2,5] [0,3] [2,7] [3,5] [2,4] [4,5] [3,5] [5,6] [2,7] [5,7] [5,6] [0,4] [1,7] [5,7] [3,5]
Token   8: [1,4] [3,5] [1,2] [5,7] [6,7] [1,4] [3,5] [3,5] [3,6] [4,5] [0,3] [5,7] [2,4] [1,2] [2,6] [1,3] [0,1] [6,7] [5,7] [2,6] [4,7] [2,6] [3,5] [0,3] [6,7] [2,3] [1,7] [3,6] [4,5] [1,7] [5,7] [1,3]
Token   9: [0,2] [4,5] [2,4] [0,1] [6,7] [1,4] [4,5] [4,6] [2,6] [3,4] [0,2] [2,3] [3,4] [0,2] [2,7] [0,5] [5,7] [6,7] [0,1] [4,7] [3,4] [1,6] [0,5] [2,3] [5,6] [5,7] [3,5] [1,7] [3,5] [1,7] [0,5] [1,5]
Token  10: [1,3] [2,5] [1,6] [1,5] [4,7] [1,4] [2,5] [2,5] [3,6] [0,7] [0,3] [4,7] [2,4] [0,7] [5,7] [0,5] [5,7] [6,7] [0,4] [4,6] [3,4] [1,6] [0,7] [3,7] [1,5] [5,7] [3,5] [0,6] [0,5] [1,7] [5,7] [1,3]
Token  11: [3,6] [1,6] [5,6] [1,7] [1,7] [2,4] [1,5] [2,5] [0,6] [4,7] [0,3] [5,7] [0,5] [2,6] [3,5] [1,7] [0,7] [2,5] [4,7] [2,7] [5,6] [2,4] [4,5] [3,4] [5,6] [2,3] [5,7] [6,7] [0,4] [1,7] [2,7] [1,3]
Token  12: [4,7] [3,7] [2,5] [3,5] [1,7] [1,4] [5,7] [2,6] [4,6] [4,7] [1,3] [5,7] [4,5] [2,7] [3,4] [1,7] [0,1] [0,2] [2,7] [2,3] [2,7] [2,3] [3,4] [1,6] [6,7] [3,4] [1,4] [2,7] [0,4] [0,2] [2,6] [0,4]
Token  13: [0,1] [0,6] [0,6] [3,4] [1,5] [1,3] [5,7] [1,6] [5,6] [4,5] [0,2] [3,4] [3,6] [2,4] [0,4] [0,5] [2,5] [2,4] [2,5] [2,7] [2,4] [2,3] [3,4] [1,6] [2,4] [2,5] [2,7] [2,7] [3,7] [2,5] [4,6] [4,6]
Token  14: [3,5] [0,5] [3,6] [4,6] [6,7] [1,2] [0,5] [0,5] [0,5] [4,6] [0,4] [4,7] [3,6] [4,5] [4,6] [5,6] [2,5] [4,5] [1,3] [4,5] [2,4] [0,2] [0,5] [4,7] [0,3] [2,3] [5,7] [4,6] [1,3] [3,4] [1,4] [3,6]
Token  15: [5,7] [0,7] [2,6] [4,6] [3,7] [1,6] [3,4] [0,7] [3,6] [1,5] [3,5] [0,7] [4,6] [3,6] [4,7] [3,4] [0,3] [6,7] [0,2] [3,4] [5,6] [0,3] [0,5] [3,7] [0,3] [5,6] [3,7] [5,6] [1,3] [3,6] [1,4] [1,5]
Token  16: [2,3] [2,7] [1,4] [1,7] [1,2] [5,6] [2,7] [6,7] [3,6] [4,5] [2,3] [5,7] [2,4] [0,1] [4,6] [0,4] [0,1] [6,7] [5,7] [1,3] [1,4] [0,4] [1,2] [0,4] [3,6] [3,6] [0,1] [3,6] [4,5] [1,2] [2,7] [1,3]
Token  17: [0,3] [1,4] [2,4] [0,7] [4,7] [1,5] [5,6] [2,5] [2,3] [0,6] [0,1] [2,4] [4,6] [0,2] [4,7] [0,5] [5,7] [2,6] [0,4] [4,6] [3,4] [1,6] [0,7] [3,7] [1,5] [1,7] [3,5] [2,6] [0,3] [1,7] [3,5] [1,5]
Token  18: [1,4] [1,7] [2,6] [4,7] [2,7] [4,5] [5,7] [0,6] [5,6] [4,7] [0,3] [5,7] [2,6] [5,6] [3,6] [1,5] [4,7] [2,5] [3,4] [4,7] [3,5] [1,2] [4,5] [3,7] [5,6] [2,7] [3,5] [5,6] [0,1] [1,6] [3,7] [3,5]
Token  19: [4,7] [2,5] [1,4] [1,6] [0,4] [1,4] [2,5] [0,5] [3,4] [5,7] [3,5] [2,5] [2,4] [1,2] [3,4] [3,4] [0,1] [0,2] [4,7] [1,7] [1,4] [6,7] [4,5] [1,3] [1,6] [3,6] [1,7] [4,6] [4,5] [1,6] [0,2] [1,5]
Token  20: [1,7] [1,3] [4,5] [6,7] [2,7] [1,5] [2,5] [0,6] [4,6] [5,7] [1,3] [3,5] [4,5] [2,7] [3,4] [4,7] [1,7] [0,2] [2,6] [2,3] [1,7] [3,6] [3,4] [1,6] [2,6] [1,3] [1,4] [1,2] [0,4] [0,2] [2,6] [0,4]
Token  21: [0,7] [0,6] [0,7] [3,5] [1,5] [2,3] [5,6] [5,6] [0,5] [4,6] [0,2] [3,4] [3,6] [2,4] [0,4] [0,5] [5,6] [4,5] [0,3] [5,7] [4,6] [1,5] [5,6] [4,7] [1,4] [1,3] [3,7] [6,7] [1,3] [4,5] [0,4] [2,5]
Token  22: [3,5] [0,5] [2,6] [2,3] [6,7] [5,6] [2,6] [0,6] [4,6] [5,6] [0,2] [1,4] [3,6] [2,3] [4,7] [0,3] [1,3] [2,5] [0,2] [1,4] [1,5] [0,5] [0,5] [4,7] [0,1] [1,6] [3,5] [0,6] [1,2] [3,6] [0,1] [3,5]
Token  23: [2,7] [1,2] [5,7] [0,1] [5,7] [0,4] [2,5] [2,6] [3,4] [0,4] [2,5] [2,7] [4,6] [2,5] [1,4] [0,4] [2,6] [2,4] [6,7] [0,3] [2,4] [1,7] [5,7] [1,2] [1,6] [0,4] [0,4] [2,5] [6,7] [2,3] [1,2] [0,6]
Token  24: [1,7] [1,4] [5,6] [0,5] [1,4] [3,7] [0,7] [1,6] [3,6] [0,5] [4,5] [0,6] [2,6] [0,5] [4,5] [2,6] [2,6] [1,5] [3,6] [0,5] [1,6] [1,6] [0,5] [3,4] [1,5] [3,7] [0,7] [4,6] [1,2] [4,5] [0,1] [2,7]
Token  25: [1,4] [6,7] [0,6] [0,4] [3,4] [6,7] [5,7] [1,2] [3,4] [0,5] [3,4] [1,7] [4,6] [0,6] [4,7] [0,4] [0,3] [6,7] [0,2] [0,4] [1,5] [1,3] [0,5] [0,3] [0,2] [3,6] [0,3] [5,6] [1,3] [6,7] [1,3] [1,5]
Token  26: [3,7] [2,5] [1,5] [5,6] [4,6] [5,7] [2,3] [2,3] [3,4] [5,7] [1,3] [5,7] [4,7] [6,7] [3,4] [4,7] [1,6] [0,7] [2,4] [0,3] [1,7] [1,4] [2,5] [1,7] [2,6] [0,4] [0,1] [1,2] [0,2] [0,1] [2,6] [0,4]
Token  27: [3,5] [0,3] [2,4] [3,4] [6,7] [1,4] [2,5] [1,3] [0,3] [0,7] [2,4] [0,1] [6,7] [4,6] [4,5] [5,6] [6,7] [4,5] [1,3] [4,5] [1,5] [1,6] [0,1] [0,3] [1,2] [3,4] [1,3] [4,6] [2,3] [4,7] [0,1] [3,6]
Token  28: [5,7] [1,2] [1,2] [1,3] [2,4] [4,5] [2,5] [2,5] [3,4] [6,7] [0,3] [1,4] [2,6] [0,2] [4,7] [0,5] [6,7] [3,6] [3,7] [0,6] [1,3] [4,6] [1,4] [1,3] [3,6] [3,6] [0,1] [4,7] [4,5] [1,7] [5,6] [3,4]
Token  29: [4,5] [2,7] [0,4] [0,7] [1,7] [0,4] [2,4] [1,2] [3,6] [1,7] [2,4] [1,7] [1,6] [3,6] [4,5] [1,6] [5,6] [5,7] [1,3] [3,6] [2,3] [1,6] [1,7] [0,3] [1,5] [3,5] [0,3] [4,6] [3,6] [4,7] [6,7] [2,7]
Token  30: [5,7] [4,7] [0,4] [4,7] [2,3] [1,7] [4,6] [1,6] [0,3] [5,7] [1,2] [1,7] [1,4] [1,6] [3,6] [1,7] [3,4] [5,6] [0,3] [4,5] [0,1] [1,6] [0,1] [0,3] [1,2] [2,3] [2,3] [3,4] [2,3] [1,7] [0,1] [1,3]
Token  31: [2,7] [4,6] [1,5] [0,1] [0,4] [4,5] [2,6] [2,3] [3,4] [0,7] [1,3] [4,5] [4,7] [2,7] [3,4] [0,7] [2,6] [0,2] [2,6] [0,5] [1,7] [0,6] [0,5] [1,6] [2,5] [1,4] [1,4] [0,2] [4,7] [0,2] [2,6] [0,4]
Token  32: [0,1] [3,6] [0,6] [3,5] [1,5] [1,3] [5,6] [2,6] [0,3] [0,5] [0,2] [4,7] [3,6] [4,7] [0,4] [0,5] [2,5] [2,4] [2,5] [0,3] [2,4] [2,6] [0,7] [1,7] [1,4] [0,3] [2,4] [2,7] [3,7] [2,5] [4,6] [4,6]
Token  33: [3,5] [0,3] [1,2] [2,5] [3,6] [1,5] [2,4] [0,2] [4,6] [1,7] [1,2] [1,7] [4,6] [3,5] [4,6] [2,6] [1,2] [4,5] [0,7] [0,5] [1,2] [1,6] [0,1] [1,6] [1,2] [0,2] [2,4] [1,2] [2,7] [0,2] [2,6] [4,6]
Token  34: [2,5] [2,3] [2,6] [4,5] [6,7] [1,2] [0,4] [0,2] [0,3] [1,7] [4,5] [0,4] [4,6] [4,5] [4,6] [5,6] [2,7] [4,5] [1,3] [4,5] [2,4] [0,6] [0,1] [1,7] [1,3] [2,3] [0,7] [4,6] [2,6] [3,4] [1,6] [3,6]
Token  35: [5,7] [0,7] [1,6] [6,7] [5,6] [1,7] [3,4] [3,5] [3,6] [0,1] [3,5] [0,7] [4,6] [1,6] [4,7] [0,4] [3,7] [5,6] [0,2] [4,6] [1,5] [0,3] [0,5] [4,7] [1,2] [1,2] [2,3] [5,6] [1,2] [6,7] [1,4] [3,5]
Token  36: [2,7] [2,3] [1,4] [0,7] [4,6] [0,7] [4,6] [1,3] [3,6] [0,1] [2,3] [0,7] [4,6] [5,6] [6,7] [1,6] [2,7] [5,6] [0,2] [1,4] [1,5] [0,1] [0,1] [3,7] [1,2] [1,2] [0,3] [5,6] [2,6] [6,7] [1,3] [3,5]
Token  37: [0,2] [2,5] [2,4] [1,7] [4,6] [0,5] [6,7] [5,6] [2,6] [1,2] [5,6] [5,7] [4,6] [5,6] [6,7] [1,6] [3,7] [1,6] [0,3] [1,4] [1,5] [0,1] [0,5] [4,7] [1,5] [1,7] [3,4] [5,6] [2,6] [1,7] [1,3] [3,5]
Token  38: [2,4] [3,5] [1,2] [1,7] [0,4] [0,1] [0,6] [4,5] [3,6] [1,7] [1,5] [5,7] [4,5] [6,7] [0,3] [4,7] [1,3] [0,7] [2,6] [2,5] [3,7] [0,7] [1,3] [1,6] [0,5] [1,3] [1,6] [1,2] [0,4] [0,2] [2,6] [0,4]
Token  39: [0,1] [3,6] [4,7] [3,4] [1,6] [3,7] [1,6] [5,6] [0,2] [1,7] [0,5] [0,4] [3,6] [2,4] [5,6] [5,6] [2,7] [2,4] [0,5] [1,4] [5,7] [0,1] [1,5] [4,7] [1,3] [1,3] [3,4] [5,6] [2,3] [3,7] [1,7] [3,5]
Token  40: [3,7] [1,5] [1,4] [0,3] [2,4] [5,7] [0,6] [2,3] [0,3] [0,1] [1,3] [4,5] [2,4] [6,7] [0,3] [4,7] [1,7] [0,7] [2,6] [2,5] [1,7] [0,6] [1,3] [1,6] [0,3] [3,6] [1,4] [2,7] [2,4] [1,2] [2,6] [0,4]
Token  41: [0,7] [6,7] [0,7] [3,5] [1,5] [2,3] [5,6] [2,6] [0,3] [4,5] [0,2] [3,4] [3,6] [2,4] [0,4] [0,5] [5,6] [2,4] [0,3] [5,7] [4,6] [1,5] [5,7] [4,7] [4,7] [1,3] [3,7] [6,7] [3,7] [4,5] [0,4] [2,5]
Token  42: [3,5] [0,5] [2,6] [2,3] [6,7] [5,6] [2,6] [0,6] [0,4] [5,6] [0,2] [1,4] [3,6] [2,3] [4,7] [0,3] [3,5] [2,5] [0,2] [1,4] [1,5] [0,5] [0,5] [4,7] [0,1] [1,6] [3,5] [5,6] [1,2] [3,6] [0,1] [3,5]
Token  43: [2,7] [1,2] [5,7] [0,1] [5,7] [0,4] [2,7] [2,6] [3,4] [0,4] [2,5] [2,7] [4,6] [2,5] [1,4] [0,4] [2,4] [2,4] [6,7] [0,3] [2,4] [6,7] [0,7] [2,5] [1,6] [0,4] [0,4] [2,5] [6,7] [1,3] [1,2] [0,6]
Token  44: [0,1] [1,2] [5,7] [0,4] [2,5] [0,2] [1,4] [0,2] [0,3] [1,5] [2,5] [4,6] [2,6] [3,5] [4,5] [5,6] [4,6] [4,7] [6,7] [0,3] [2,4] [2,6] [5,7] [1,2] [1,7] [0,3] [0,4] [2,6] [6,7] [2,3] [1,2] [5,6]
Token  45: [5,6] [1,3] [5,6] [0,3] [0,1] [3,5] [1,6] [0,6] [1,3] [2,5] [3,5] [5,7] [2,4] [0,5] [3,6] [2,6] [2,6] [0,7] [3,7] [0,5] [1,5] [0,1] [1,7] [0,1] [3,5] [3,7] [0,1] [4,6] [4,5] [0,4] [0,6] [3,6]
Token  46: [0,4] [5,7] [2,4] [2,5] [3,6] [5,7] [2,4] [0,1] [3,6] [1,7] [2,3] [1,7] [1,6] [3,6] [1,7] [1,6] [1,4] [5,6] [0,2] [4,5] [1,5] [1,6] [0,1] [0,4] [1,5] [2,6] [2,3] [5,6] [0,2] [1,7] [0,1] [1,3]
Token  47: [2,3] [2,3] [4,5] [0,3] [2,4] [0,5] [2,6] [2,5] [3,4] [0,7] [1,3] [2,5] [4,7] [2,7] [3,4] [4,7] [2,6] [0,1] [2,4] [0,5] [1,7] [4,6] [6,7] [1,7] [3,5] [4,7] [0,1] [0,4] [4,5] [0,2] [2,6] [0,4]
Token  48: [1,7] [1,6] [3,7] [3,5] [2,5] [0,4] [2,3] [6,7] [3,6] [2,3] [4,5] [0,1] [2,6] [4,7] [1,4] [2,5] [6,7] [1,5] [1,6] [5,6] [4,7] [4,6] [1,5] [2,7] [3,7] [3,4] [0,3] [6,7] [4,5] [3,4] [3,4] [6,7]
Token  49: [5,7] [1,4] [1,7] [4,6] [2,3] [0,1] [2,3] [4,7] [3,6] [1,5] [3,5] [1,7] [4,6] [6,7] [4,7] [0,4] [0,7] [6,7] [0,2] [0,6] [1,5] [1,6] [0,1] [1,7] [0,3] [3,5] [2,3] [0,5] [1,3] [3,6] [1,3] [1,3]
Token  50: [2,3] [1,2] [1,5] [6,7] [1,2] [5,6] [2,7] [6,7] [3,6] [3,4] [3,5] [5,7] [4,7] [1,7] [3,4] [4,7] [0,2] [0,7] [5,7] [1,3] [1,4] [4,7] [1,2] [0,6] [3,5] [4,6] [0,1] [0,6] [4,5] [1,2] [2,6] [0,4]
Token  51: [0,4] [6,7] [0,6] [3,5] [1,5] [2,3] [5,6] [0,6] [3,6] [2,5] [0,5] [0,4] [3,6] [4,7] [0,4] [0,5] [2,5] [2,4] [2,5] [0,3] [2,4] [2,7] [0,7] [5,7] [1,7] [0,5] [2,4] [2,7] [3,7] [2,5] [4,6] [4,6]
Token  52: [3,5] [0,6] [3,7] [6,7] [3,6] [3,7] [1,5] [0,6] [0,5] [5,6] [0,5] [4,7] [3,6] [2,4] [1,5] [0,6] [2,5] [2,4] [0,5] [0,7] [4,6] [5,7] [0,7] [5,7] [1,4] [0,3] [0,4] [2,6] [5,7] [3,5] [1,4] [4,6]
Token  53: [3,7] [0,3] [3,7] [2,4] [2,5] [0,2] [1,4] [0,6] [1,3] [1,5] [2,5] [0,4] [2,6] [2,5] [4,5] [5,6] [4,6] [4,7] [6,7] [0,3] [4,6] [1,6] [0,7] [2,5] [1,7] [0,3] [0,4] [2,6] [0,7] [2,3] [1,2] [4,6]
Token  54: [5,6] [1,3] [5,6] [0,5] [2,6] [0,3] [1,7] [0,4] [0,3] [2,5] [5,7] [5,6] [2,6] [0,5] [5,6] [2,6] [2,7] [1,4] [1,3] [4,5] [1,6] [4,6] [1,7] [4,7] [1,7] [1,3] [0,7] [4,6] [0,6] [4,7] [1,3] [3,6]
Token  55: [0,5] [3,6] [1,5] [2,7] [5,6] [6,7] [3,4] [2,3] [0,3] [0,7] [1,3] [0,1] [2,6] [1,6] [6,7] [0,3] [3,4] [5,6] [0,2] [4,6] [1,5] [3,4] [0,5] [4,7] [1,2] [1,2] [0,3] [5,6] [1,2] [6,7] [1,3] [3,5]
Token  56: [2,5] [2,5] [4,5] [0,3] [1,2] [5,7] [0,6] [2,3] [0,3] [1,5] [1,3] [2,5] [2,4] [6,7] [3,4] [4,7] [2,7] [0,2] [2,7] [2,5] [1,7] [2,6] [3,6] [6,7] [3,5] [4,7] [1,4] [0,2] [4,5] [0,2] [2,6] [0,4]
Token  57: [0,1] [3,6] [4,7] [3,4] [1,6] [3,7] [1,6] [2,4] [0,3] [0,5] [0,5] [0,7] [2,6] [2,6] [5,6] [5,6] [5,7] [4,5] [0,5] [4,7] [5,6] [4,7] [5,7] [4,7] [1,7] [0,1] [0,4] [4,6] [2,3] [3,4] [1,3] [3,6]
Token  58: [3,7] [1,4] [1,4] [1,7] [0,4] [0,1] [0,6] [4,7] [3,6] [1,7] [1,3] [5,6] [2,4] [2,7] [0,3] [4,7] [2,7] [0,1] [2,7] [2,5] [6,7] [2,6] [3,6] [6,7] [3,5] [4,7] [1,6] [0,4] [4,5] [0,2] [2,6] [0,4]
Token  59: [1,3] [6,7] [3,7] [3,5] [2,3] [0,4] [0,1] [1,5] [0,3] [3,5] [4,7] [4,6] [6,7] [0,4] [1,2] [0,6] [4,6] [4,6] [3,6] [0,3] [3,4] [2,6] [0,7] [2,5] [6,7] [0,5] [0,4] [2,4] [0,7] [2,3] [1,2] [3,6]
Token  60: [5,7] [1,4] [5,6] [0,5] [0,4] [2,4] [5,6] [0,2] [2,3] [3,5] [3,5] [5,6] [2,5] [0,5] [2,3] [2,6] [4,6] [1,3] [1,3] [4,5] [5,6] [0,1] [0,1] [3,4] [1,7] [3,6] [0,3] [4,6] [2,4] [0,4] [0,3] [3,6]
Token  61: [1,5] [5,7] [4,5] [0,1] [1,4] [3,6] [0,2] [0,2] [3,4] [0,7] [1,3] [2,5] [0,4] [2,7] [2,3] [4,7] [2,6] [0,2] [2,6] [2,5] [1,7] [0,3] [0,6] [1,6] [3,5] [4,7] [1,6] [0,2] [4,5] [0,2] [2,6] [0,4]
Token  62: [0,7] [5,6] [0,7] [3,5] [1,5] [2,3] [5,6] [2,6] [0,3] [4,5] [0,5] [3,4] [3,6] [2,4] [0,4] [0,5] [5,6] [2,4] [0,3] [5,7] [4,6] [2,5] [5,7] [4,7] [4,7] [1,2] [3,7] [6,7] [3,7] [4,5] [0,4] [2,5]
Token  63: [3,5] [0,5] [2,7] [2,3] [6,7] [3,5] [2,6] [0,6] [2,4] [4,6] [0,2] [1,4] [3,6] [2,3] [5,7] [0,3] [3,7] [4,5] [0,2] [1,4] [1,5] [0,5] [0,5] [4,7] [0,1] [1,6] [3,5] [5,6] [1,2] [3,6] [0,1] [3,5]
Token  64: [2,7] [1,2] [5,7] [0,1] [5,7] [0,4] [2,7] [2,6] [3,4] [0,4] [2,5] [2,4] [4,5] [2,5] [1,4] [2,4] [2,6] [2,4] [6,7] [0,3] [2,4] [3,7] [2,7] [2,5] [0,1] [0,5] [0,4] [2,5] [2,7] [1,3] [2,4] [0,6]
Token  65: [0,1] [2,3] [5,7] [0,4] [2,5] [0,2] [1,4] [0,2] [1,3] [5,6] [2,5] [4,6] [1,6] [3,5] [4,5] [5,6] [4,5] [4,7] [6,7] [0,3] [4,6] [1,6] [0,7] [2,5] [1,7] [0,3] [0,4] [2,6] [0,7] [2,3] [1,7] [3,6]
Token  66: [5,6] [1,2] [3,6] [0,5] [1,3] [0,2] [1,4] [0,2] [3,5] [1,6] [2,4] [5,7] [1,2] [2,5] [5,6] [5,6] [4,5] [4,7] [5,6] [0,3] [4,6] [1,6] [0,7] [2,7] [1,7] [0,1] [0,4] [2,6] [0,7] [2,3] [1,7] [4,6]
Token  67: [4,6] [1,3] [5,6] [0,5] [2,6] [0,3] [1,7] [0,4] [0,3] [2,3] [5,7] [0,6] [2,6] [0,5] [5,6] [5,6] [5,7] [1,4] [1,3] [4,5] [1,6] [1,6] [1,7] [4,7] [1,7] [1,3] [0,7] [4,6] [0,3] [4,7] [1,3] [3,6]
Token  68: [0,7] [3,6] [5,7] [1,5] [3,6] [5,7] [0,6] [1,4] [3,6] [5,6] [2,3] [0,1] [2,6] [3,6] [6,7] [0,3] [3,7] [5,6] [0,2] [4,6] [1,5] [0,5] [0,7] [4,7] [0,1] [1,7] [0,3] [0,6] [0,2] [3,6] [0,1] [5,7]
Token  69: [2,4] [1,3] [1,4] [0,1] [0,1] [2,4] [0,2] [3,4] [3,4] [1,5] [1,3] [5,7] [0,4] [6,7] [0,3] [4,7] [1,2] [0,2] [2,4] [3,5] [4,7] [2,6] [3,6] [3,6] [3,6] [4,7] [1,6] [0,2] [0,4] [0,1] [2,6] [0,4]
Token  70: [1,7] [1,7] [3,7] [3,5] [2,3] [0,4] [1,2] [1,4] [3,5] [3,5] [4,7] [4,6] [3,6] [4,5] [1,2] [0,6] [4,6] [4,6] [3,6] [0,3] [0,4] [2,6] [0,7] [2,5] [4,7] [0,1] [0,4] [2,7] [6,7] [2,3] [1,3] [3,6]
Token  71: [5,7] [3,7] [0,1] [2,7] [6,7] [0,4] [3,4] [2,3] [2,3] [0,3] [5,6] [0,2] [5,6] [1,6] [2,7] [3,4] [3,4] [5,6] [0,2] [4,6] [0,7] [2,3] [0,5] [5,7] [0,4] [1,2] [0,3] [0,5] [1,6] [3,6] [1,3] [3,5]
Token  72: [2,7] [2,4] [0,5] [2,7] [0,2] [3,7] [0,2] [2,4] [1,3] [1,2] [5,6] [5,6] [4,5] [4,7] [0,3] [4,7] [2,3] [0,6] [2,4] [1,5] [3,7] [2,6] [3,6] [3,6] [3,5] [4,7] [1,6] [0,3] [4,5] [2,6] [2,6] [0,4]
Token  73: [0,1] [6,7] [0,6] [3,5] [1,5] [2,3] [1,5] [1,6] [2,5] [5,6] [0,2] [4,6] [3,6] [4,7] [0,4] [0,5] [2,5] [2,4] [2,5] [0,3] [2,4] [2,7] [2,7] [4,5] [4,7] [0,1] [0,4] [2,7] [3,7] [3,5] [4,6] [4,6]
Token  74: [3,5] [0,3] [2,6] [5,6] [0,1] [5,6] [3,5] [1,4] [2,5] [1,7] [0,2] [1,7] [2,6] [3,4] [4,5] [2,5] [4,5] [4,7] [1,5] [0,6] [4,5] [4,6] [1,7] [3,5] [1,4] [3,5] [0,6] [1,4] [3,4] [5,7] [0,6] [0,4]
Token  75: [0,7] [2,3] [5,7] [4,6] [3,7] [0,6] [5,6] [1,4] [2,5] [2,6] [4,7] [1,4] [2,6] [4,5] [5,6] [5,6] [5,7] [4,7] [3,5] [0,4] [4,6] [1,2] [2,7] [2,4] [1,7] [0,1] [0,4] [2,6] [0,7] [3,5] [1,4] [4,6]
Token  76: [2,7] [1,3] [5,6] [4,5] [0,1] [0,4] [1,3] [0,6] [3,4] [2,3] [4,5] [0,6] [2,6] [0,5] [2,6] [2,6] [6,7] [1,7] [3,5] [0,6] [0,4] [5,7] [4,7] [4,7] [0,3] [3,7] [0,7] [3,4] [1,6] [3,4] [3,5] [3,6]
Token  77: [5,7] [5,7] [2,4] [0,7] [0,4] [2,3] [1,2] [4,6] [1,5] [1,2] [3,5] [5,7] [0,4] [5,7] [0,3] [2,7] [1,2] [0,1] [2,4] [1,5] [6,7] [4,6] [2,6] [1,6] [3,5] [4,7] [1,6] [0,3] [4,5] [0,2] [2,6] [0,4]
Token  78: [0,1] [1,7] [2,4] [2,5] [2,7] [2,3] [2,3] [2,4] [1,5] [2,3] [4,7] [1,3] [2,6] [0,4] [5,6] [3,6] [6,7] [1,5] [3,6] [4,6] [1,6] [1,4] [0,1] [0,4] [2,7] [1,3] [0,5] [4,6] [1,6] [3,4] [3,5] [3,6]
Token  79: [5,7] [5,7] [1,4] [0,1] [1,4] [1,5] [0,2] [3,4] [1,5] [1,5] [1,3] [5,7] [4,7] [6,7] [0,3] [4,7] [1,2] [0,2] [2,6] [2,5] [6,7] [0,2] [0,6] [1,6] [5,6] [4,7] [1,6] [0,2] [0,4] [0,2] [2,6] [0,4]
Token  80: [1,4] [1,7] [3,7] [3,4] [1,7] [0,4] [1,5] [1,4] [1,5] [2,3] [4,7] [3,4] [3,7] [4,7] [1,2] [0,6] [4,6] [3,4] [5,6] [0,3] [2,4] [2,5] [0,7] [2,5] [4,7] [0,5] [0,4] [0,2] [6,7] [2,3] [1,7] [4,6]
Token  81: [5,7] [1,4] [3,6] [0,5] [0,7] [3,6] [2,3] [4,6] [1,5] [2,3] [5,7] [6,7] [2,5] [0,4] [2,7] [2,6] [4,7] [1,3] [1,3] [4,7] [0,6] [1,4] [2,7] [4,7] [4,7] [1,7] [0,7] [4,6] [1,6] [4,5] [3,5] [3,6]
Token  82: [5,7] [5,7] [0,4] [1,2] [4,6] [2,3] [0,2] [0,2] [2,3] [0,7] [1,3] [2,7] [4,6] [5,6] [5,7] [4,7] [0,4] [2,5] [3,4] [4,7] [1,6] [1,4] [0,7] [4,7] [4,7] [1,4] [0,3] [4,6] [0,6] [1,4] [3,5] [3,5]
Token  83: [1,5] [1,3] [2,4] [1,6] [3,4] [1,2] [2,4] [0,2] [0,3] [3,4] [1,3] [2,5] [4,5] [2,7] [0,3] [4,7] [0,3] [0,2] [2,4] [3,5] [1,6] [2,4] [3,6] [6,7] [5,6] [4,6] [1,6] [0,3] [4,5] [1,2] [2,6] [0,4]
Token  84: [0,7] [6,7] [0,7] [3,5] [1,5] [2,3] [5,6] [2,6] [0,3] [5,6] [0,2] [2,4] [3,5] [2,4] [0,4] [0,2] [5,6] [4,7] [0,1] [5,7] [4,6] [2,5] [6,7] [4,7] [4,7] [0,1] [5,7] [1,7] [1,3] [4,5] [0,4] [2,7]
Token  85: [3,5] [0,5] [2,7] [2,3] [1,7] [3,5] [0,6] [0,6] [2,4] [4,7] [0,2] [2,4] [1,3] [0,2] [2,7] [0,3] [3,6] [4,5] [0,2] [1,4] [3,5] [0,5] [0,5] [4,7] [0,2] [1,6] [3,5] [5,6] [1,2] [3,6] [0,1] [3,5]
Token  86: [2,7] [0,2] [5,7] [3,5] [2,4] [1,4] [5,7] [4,6] [4,6] [4,7] [1,3] [4,6] [4,5] [2,3] [1,4] [2,4] [1,2] [2,5] [6,7] [0,3] [2,7] [0,5] [4,5] [1,6] [1,7] [0,6] [4,6] [1,2] [6,7] [3,6] [2,4] [0,6]
Token  87: [0,1] [2,7] [3,6] [0,5] [1,3] [2,6] [2,4] [0,6] [0,5] [1,6] [2,4] [6,7] [1,3] [3,5] [4,5] [6,7] [2,5] [2,4] [6,7] [0,3] [2,7] [0,5] [4,7] [1,6] [1,2] [0,5] [4,6] [2,7] [6,7] [3,6] [2,4] [0,4]
Token  88: [4,6] [1,4] [3,6] [0,5] [4,6] [1,6] [1,7] [0,6] [0,5] [6,7] [4,5] [0,6] [2,6] [3,5] [4,5] [5,6] [5,7] [4,7] [1,3] [4,5] [4,5] [1,5] [5,7] [4,7] [0,1] [1,5] [0,7] [4,6] [1,6] [3,4] [1,3] [3,6]
Token  89: [1,4] [3,6] [2,6] [4,7] [3,4] [1,6] [4,6] [0,4] [3,6] [1,5] [3,4] [0,1] [2,6] [5,6] [4,5] [4,6] [0,3] [6,7] [0,2] [3,4] [4,5] [1,5] [0,5] [3,7] [0,1] [1,5] [3,7] [5,6] [0,3] [3,6] [1,3] [1,5]
Token  90: [0,3] [4,5] [0,5] [2,4] [3,5] [0,4] [0,3] [3,7] [0,6] [2,6] [0,4] [1,7] [2,6] [3,6] [4,5] [1,6] [5,7] [2,7] [0,5] [4,6] [4,5] [1,6] [0,7] [3,7] [0,1] [5,7] [0,3] [5,6] [0,3] [3,6] [0,4] [2,7]
Token  91: [2,5] [4,5] [0,4] [0,7] [4,6] [3,7] [0,3] [0,7] [3,6] [3,7] [3,5] [2,5] [2,4] [1,6] [5,6] [1,4] [0,1] [2,7] [4,7] [0,3] [1,4] [1,4] [4,6] [0,3] [1,3] [1,4] [1,2] [5,6] [0,5] [1,2] [2,7] [1,5]
Token  92: [1,5] [3,7] [2,4] [0,5] [2,7] [5,7] [2,7] [4,6] [4,6] [0,1] [1,3] [2,5] [0,4] [6,7] [3,6] [1,7] [0,1] [0,2] [2,4] [2,3] [1,7] [3,6] [3,4] [0,6] [2,6] [1,4] [1,6] [0,4] [1,4] [1,7] [6,7] [0,4]
Token  93: [0,1] [0,5] [0,1] [2,5] [0,3] [3,7] [5,7] [6,7] [0,5] [0,5] [0,1] [4,5] [0,3] [6,7] [0,3] [1,7] [0,1] [0,2] [2,4] [2,3] [1,7] [1,3] [3,4] [3,6] [2,6] [1,4] [1,5] [0,7] [0,4] [1,6] [2,6] [0,4]
Token  94: [0,2] [0,6] [0,6] [2,5] [1,5] [1,3] [5,6] [1,6] [0,5] [5,6] [0,2] [4,5] [0,3] [4,7] [0,4] [0,5] [2,5] [2,4] [2,5] [3,7] [2,4] [2,3] [3,4] [3,6] [2,4] [1,5] [1,2] [2,7] [3,7] [0,5] [4,6] [0,4]
Token  95: [3,5] [0,5] [2,5] [4,6] [6,7] [1,7] [0,7] [0,1] [0,5] [6,7] [0,4] [1,4] [3,6] [4,7] [1,4] [0,6] [2,4] [2,4] [6,7] [0,7] [2,4] [2,5] [4,7] [5,6] [1,2] [0,1] [4,6] [2,7] [0,7] [3,6] [2,4] [0,6]
Token  96: [2,6] [4,7] [3,6] [2,5] [0,6] [3,6] [1,7] [1,6] [1,5] [3,6] [4,5] [4,6] [2,6] [3,4] [1,3] [5,6] [2,4] [1,7] [3,6] [5,7] [4,5] [1,5] [5,7] [0,2] [0,7] [3,6] [0,7] [4,6] [1,7] [4,5] [0,4] [4,6]
Token  97: [0,5] [3,5] [2,5] [1,2] [3,6] [5,6] [0,2] [1,5] [3,6] [0,5] [3,4] [0,2] [4,6] [0,6] [1,7] [0,6] [3,4] [5,6] [0,2] [4,5] [1,5] [0,5] [0,5] [0,4] [1,2] [1,6] [0,3] [5,6] [1,2] [3,6] [0,1] [3,5]
Token  98: [2,7] [1,2] [5,7] [0,2] [5,7] [0,4] [2,7] [4,6] [3,4] [0,4] [2,5] [2,4] [4,6] [2,3] [2,4] [2,4] [2,6] [2,5] [4,6] [0,3] [2,4] [3,5] [2,7] [2,5] [1,6] [4,7] [0,4] [2,6] [0,7] [0,3] [4,6] [0,4]
Token  99: [1,7] [1,2] [5,7] [2,4] [3,5] [0,4] [0,1] [1,4] [0,3] [5,6] [4,5] [0,4] [2,6] [4,5] [1,5] [5,6] [2,4] [2,4] [3,6] [0,3] [2,4] [2,6] [0,7] [2,5] [1,7] [0,1] [0,4] [2,6] [0,7] [2,3] [1,7] [4,6]
Token 100: [5,7] [1,4] [2,6] [0,5] [4,6] [6,7] [2,3] [0,7] [3,6] [3,4] [3,5] [5,6] [2,4] [0,5] [2,3] [2,6] [2,4] [1,7] [0,3] [4,5] [1,4] [1,5] [0,1] [4,7] [1,3] [1,7] [0,7] [4,5] [0,2] [4,7] [1,3] [3,6]
Token 101: [1,4] [5,7] [1,4] [0,7] [2,4] [6,7] [2,3] [6,7] [3,6] [3,4] [3,5] [5,6] [2,4] [6,7] [3,4] [4,7] [1,2] [0,1] [2,7] [0,5] [6,7] [2,6] [0,6] [1,6] [3,5] [4,7] [1,6] [0,6] [0,4] [0,2] [2,6] [0,4]
Token 102: [1,4] [3,7] [3,7] [0,5] [2,7] [0,4] [0,3] [0,1] [3,6] [0,3] [4,7] [0,1] [2,6] [0,4] [1,2] [5,6] [4,6] [1,5] [3,6] [0,4] [1,5] [1,5] [0,5] [0,4] [1,7] [1,3] [0,7] [4,6] [1,2] [4,5] [0,4] [6,7]
Token 103: [5,7] [3,7] [1,5] [2,7] [5,6] [6,7] [3,4] [1,3] [3,4] [0,7] [1,3] [0,2] [1,6] [1,6] [5,7] [4,6] [3,4] [5,6] [0,2] [4,6] [1,5] [1,3] [0,5] [0,4] [1,2] [4,6] [0,3] [6,7] [1,2] [1,6] [0,1] [3,5]
Token 104: [2,7] [2,5] [1,5] [5,6] [1,4] [5,7] [2,5] [2,3] [3,4] [0,7] [1,3] [2,5] [0,4] [2,7] [3,5] [4,7] [1,2] [0,2] [2,4] [0,3] [1,7] [1,4] [2,6] [1,6] [3,6] [0,4] [0,1] [0,1] [0,4] [0,1] [2,6] [0,1]
Token 105: [1,7] [1,2] [5,6] [0,2] [4,7] [4,6] [2,6] [2,3] [3,6] [0,7] [1,3] [2,5] [0,4] [2,7] [0,3] [4,7] [2,6] [0,2] [2,4] [2,5] [1,7] [0,6] [0,6] [1,6] [3,5] [4,7] [1,6] [0,2] [0,4] [0,2] [2,6] [0,4]
Token 106: [0,1] [0,6] [0,7] [3,5] [1,5] [2,3] [1,5] [1,6] [0,3] [3,5] [0,5] [4,5] [3,5] [4,7] [0,3] [0,5] [2,5] [2,4] [2,5] [0,3] [2,4] [2,5] [4,7] [5,6] [1,4] [0,1] [2,4] [2,7] [3,7] [2,5] [4,6] [4,6]
Token 107: [3,5] [0,1] [6,7] [5,6] [1,5] [5,6] [3,5] [1,4] [2,5] [1,7] [0,2] [1,7] [2,6] [3,4] [4,5] [5,6] [4,5] [1,7] [1,5] [0,6] [4,5] [2,6] [1,7] [3,5] [1,4] [0,3] [0,6] [1,4] [0,3] [5,7] [0,6] [0,4]
Token 108: [0,7] [2,3] [5,7] [4,6] [3,7] [0,6] [3,6] [1,4] [3,6] [6,7] [4,5] [1,7] [2,6] [0,4] [5,6] [5,6] [4,5] [4,7] [3,5] [0,4] [4,6] [2,7] [4,7] [2,7] [1,7] [0,5] [0,4] [2,6] [0,7] [3,4] [1,4] [4,6]
Token 109: [2,7] [1,3] [2,6] [0,5] [0,1] [3,4] [1,6] [6,7] [1,3] [2,3] [3,5] [5,6] [2,4] [0,5] [3,6] [2,6] [1,2] [0,1] [3,4] [0,5] [1,5] [1,7] [4,7] [1,5] [3,5] [2,4] [0,1] [0,4] [4,5] [0,4] [0,6] [4,6]
Token 110: [4,6] [1,7] [2,6] [3,7] [2,7] [0,4] [1,3] [1,6] [3,6] [2,3] [4,5] [0,1] [2,6] [0,4] [1,2] [2,6] [4,6] [1,3] [1,3] [0,6] [0,4] [1,6] [1,7] [2,7] [0,7] [0,2] [0,4] [3,4] [1,4] [3,4] [3,4] [3,6]
Token 111: [5,7] [3,7] [0,1] [1,6] [0,3] [0,6] [2,7] [1,7] [3,4] [1,3] [3,4] [0,1] [4,6] [0,6] [2,7] [4,6] [0,4] [1,6] [0,2] [4,6] [0,1] [1,3] [0,1] [4,7] [2,3] [0,1] [2,3] [0,5] [1,2] [3,6] [1,3] [1,3]
Token 112: [3,7] [1,3] [0,4] [2,7] [0,4] [0,7] [6,7] [1,7] [3,6] [1,7] [3,6] [1,7] [2,6] [5,6] [6,7] [5,6] [4,6] [1,6] [0,2] [4,6] [1,5] [0,1] [0,1] [0,4] [2,3] [1,6] [0,3] [0,5] [1,2] [6,7] [1,3] [1,5]
Token 113: [2,7] [3,5] [1,5] [1,4] [0,4] [0,7] [6,7] [0,7] [3,4] [1,3] [1,3] [5,7] [0,4] [6,7] [0,3] [4,7] [1,2] [0,2] [2,4] [2,5] [4,7] [2,6] [3,6] [1,6] [3,5] [4,6] [1,6] [0,1] [4,5] [1,2] [2,6] [0,4]
Token 114: [0,1] [3,6] [4,7] [3,4] [1,6] [3,7] [1,6] [2,6] [3,5] [2,5] [0,5] [0,7] [2,6] [2,4] [5,6] [5,6] [4,5] [2,4] [0,5] [0,3] [4,6] [2,6] [4,7] [2,5] [1,7] [0,5] [0,4] [2,6] [0,7] [3,5] [1,4] [4,6]
Token 115: [3,7] [1,4] [5,6] [0,5] [0,4] [2,4] [5,6] [0,2] [3,4] [3,5] [3,5] [5,6] [2,4] [0,5] [2,3] [2,6] [4,6] [1,3] [1,3] [0,5] [5,6] [0,1] [0,1] [3,4] [0,7] [3,4] [0,3] [4,6] [1,4] [0,4] [0,6] [2,6]
Token 116: [0,4] [3,6] [0,5] [5,6] [3,4] [6,7] [0,2] [1,2] [3,4] [0,1] [1,3] [0,1] [4,6] [0,6] [2,7] [4,6] [0,4] [1,6] [0,2] [0,4] [1,5] [0,1] [0,1] [0,4] [2,7] [2,6] [2,3] [4,5] [1,2] [6,7] [1,3] [1,3]
Token 117: [3,7] [1,3] [0,4] [2,7] [3,4] [0,7] [6,7] [1,7] [3,6] [1,7] [3,6] [1,7] [2,6] [0,6] [6,7] [5,6] [4,6] [1,6] [0,3] [4,5] [1,5] [0,1] [0,1] [0,4] [1,7] [2,6] [0,3] [4,5] [1,2] [6,7] [1,3] [1,3]
Token 118: [2,3] [3,5] [4,5] [0,1] [0,4] [2,3] [0,2] [0,2] [3,4] [0,7] [1,3] [2,5] [0,4] [2,7] [0,3] [4,7] [1,2] [0,2] [2,4] [0,5] [1,7] [0,3] [0,6] [1,6] [5,6] [4,6] [1,6] [0,2] [2,4] [1,2] [2,6] [0,4]
Token 119: [0,7] [5,6] [0,7] [3,5] [1,5] [2,3] [5,6] [5,6] [0,3] [5,7] [0,2] [4,7] [3,5] [2,4] [0,4] [0,2] [5,6] [4,7] [0,1] [5,7] [0,4] [2,5] [6,7] [3,4] [3,4] [0,1] [5,7] [1,7] [1,3] [4,5] [0,4] [2,7]
Token 120: [0,7] [6,7] [1,6] [2,3] [6,7] [1,7] [0,1] [5,6] [6,7] [3,4] [0,2] [2,3] [1,3] [0,1] [2,7] [2,3] [1,7] [2,3] [1,5] [1,6] [1,2] [3,7] [2,4] [0,4] [1,3] [4,7] [0,3] [0,1] [3,5] [0,1] [0,5] [2,5]
Token 121: [5,6] [1,6] [6,7] [3,4] [1,6] [3,6] [0,6] [5,6] [4,7] [4,7] [0,4] [2,4] [1,3] [0,2] [2,4] [2,4] [5,7] [4,7] [0,4] [5,7] [0,4] [2,5] [4,6] [3,6] [3,7] [1,6] [3,5] [1,7] [3,5] [3,5] [0,4] [2,5]
Token 122: [5,6] [0,7] [2,3] [3,7] [0,6] [5,6] [2,6] [0,6] [4,6] [4,6] [0,2] [1,2] [1,3] [2,3] [5,7] [0,3] [3,5] [4,5] [0,2] [1,4] [3,5] [0,5] [0,5] [4,7] [0,5] [1,6] [3,5] [1,6] [1,2] [3,6] [0,1] [5,7]
Token 123: [2,7] [2,3] [5,7] [3,5] [2,7] [1,4] [5,7] [2,6] [4,6] [4,7] [1,3] [2,4] [4,5] [2,5] [1,4] [2,4] [0,2] [2,5] [6,7] [0,3] [2,7] [0,5] [4,5] [1,6] [1,7] [0,6] [4,6] [1,2] [6,7] [1,6] [2,4] [0,6]
Token 124: [0,1] [2,7] [3,6] [0,5] [1,3] [2,6] [2,4] [0,6] [1,5] [1,7] [0,2] [6,7] [1,3] [2,5] [4,5] [6,7] [2,5] [2,4] [6,7] [0,3] [2,7] [0,3] [3,4] [1,6] [1,2] [0,5] [4,6] [2,7] [6,7] [3,6] [2,4] [0,4]
Token 125: [4,6] [1,4] [3,6] [0,5] [4,6] [1,6] [1,7] [0,6] [0,5] [6,7] [2,5] [0,6] [2,6] [3,5] [4,5] [5,6] [5,7] [4,7] [1,3] [4,5] [2,4] [1,5] [5,7] [4,7] [0,1] [2,5] [0,7] [4,6] [1,6] [3,4] [1,3] [6,7]
Token 126: [1,4] [3,6] [2,6] [4,7] [3,4] [1,6] [4,7] [0,1] [0,6] [1,6] [2,3] [0,1] [2,6] [5,6] [4,5] [4,6] [0,3] [6,7] [0,2] [0,4] [4,5] [1,5] [0,5] [3,7] [0,1] [1,5] [3,7] [5,6] [1,3] [3,6] [1,3] [1,5]
Token 127: [0,3] [4,5] [0,5] [2,4] [3,5] [0,4] [0,7] [3,7] [0,6] [2,6] [2,4] [1,7] [1,2] [0,3] [5,6] [5,6] [5,7] [4,7] [0,5] [4,6] [4,5] [1,6] [0,5] [3,7] [0,1] [0,5] [0,3] [5,6] [0,3] [3,5] [0,4] [2,7]
