MODEL: mixtral_8x7b
TOKEN_COUNT: 128
ACTIVE_EXPERTS: 2
================================================================================
PROMPT TEXT:
It met with positive sales in Japan , and was praised by both Japanese and western critics . After release , it received downloadable content , along with an expanded edition in November of that year . It was also adapted into manga and an original video animation series . Due to low sales of Valkyria Chronicles II , Valkyria Chronicles III was not localized , but a fan translation compatible with the game 's expanded edition was released in 2014 . Media.Vision would return to the franchise with the development of Valkyria : Azure Revolution for the PlayStation 4 .
================================================================================
GENERATED TEXT:


## Contents

- 1 Gameplay
- 2 Plot
- 3 Development
- 4 Reception
- 5 References
- 6 External links

## Gameplay

Valkyria Chronicles III is a tactical role-playing game in which players control a squad of soldiers in a fictional version of Europe during World War II . The game is played from a third-person perspective , with players controlling a single character at a time . The player can move their character around the battlefield , and can use a variety of weapons and items to fight enemies .
================================================================================
EXPERT TRACE (Per token, list of layer expert IDs):
================================================================================
Token   0: [3,7] [2,3] [0,2] [4,5] [4,5] [0,6] [1,4] [0,2] [1,6] [3,7] [2,4] [3,5] [2,6] [0,4] [2,6] [3,7] [3,7] [4,6] [0,7] [1,6] [3,6] [6,7] [2,3] [1,3] [2,7] [2,7] [0,7] [1,4] [2,5] [0,3] [3,5] [3,6]
Token   1: [5,6] [3,6] [6,7] [3,4] [2,6] [3,6] [0,4] [1,5] [1,4] [4,7] [0,4] [2,4] [0,3] [1,2] [4,7] [2,4] [0,7] [3,7] [1,4] [1,5] [1,2] [2,3] [2,4] [0,6] [1,7] [1,2] [0,5] [1,7] [3,5] [3,5] [0,4] [2,7]
Token   2: [5,6] [5,7] [4,5] [0,4] [6,7] [0,7] [1,4] [2,5] [4,6] [1,4] [0,3] [0,2] [0,3] [1,2] [1,4] [2,4] [4,7] [3,7] [0,7] [1,5] [1,4] [0,2] [1,5] [2,7] [2,5] [1,7] [4,7] [1,7] [0,3] [3,5] [0,7] [2,7]
Token   3: [2,6] [2,7] [3,4] [3,6] [0,7] [1,7] [0,2] [5,6] [3,4] [4,7] [0,3] [2,4] [3,6] [0,2] [4,7] [3,4] [0,2] [3,6] [0,3] [1,6] [1,3] [5,7] [5,7] [0,3] [3,4] [0,3] [3,5] [0,6] [5,7] [2,7] [3,5] [1,5]
Token   4: [4,6] [4,7] [1,4] [0,1] [2,7] [0,1] [2,6] [2,4] [4,6] [1,7] [3,5] [0,7] [3,4] [1,5] [0,4] [3,4] [1,3] [3,7] [6,7] [4,6] [1,3] [4,7] [1,6] [0,1] [0,3] [2,3] [0,4] [0,1] [3,5] [1,5] [2,7] [0,2]
Token   5: [0,1] [6,7] [1,7] [0,3] [4,7] [0,4] [1,4] [4,6] [2,3] [1,2] [3,5] [0,2] [1,6] [0,1] [2,7] [2,3] [3,7] [3,6] [1,3] [0,4] [2,3] [4,7] [4,7] [0,4] [0,3] [6,7] [3,4] [1,7] [3,5] [0,1] [3,5] [2,4]
Token   6: [5,6] [1,6] [1,7] [0,3] [4,7] [0,3] [1,2] [2,5] [2,4] [1,7] [3,4] [0,1] [1,6] [2,3] [2,4] [1,4] [5,6] [3,7] [0,3] [1,5] [2,3] [2,7] [5,7] [0,4] [3,5] [6,7] [2,4] [1,7] [3,7] [3,5] [0,4] [2,7]
Token   7: [5,6] [5,6] [0,4] [0,1] [4,7] [0,7] [3,6] [1,4] [2,5] [1,4] [2,3] [3,7] [0,3] [2,3] [1,4] [3,5] [5,7] [6,7] [0,3] [1,5] [3,4] [5,7] [2,5] [0,2] [3,5] [2,7] [2,3] [0,1] [3,6] [5,7] [0,7] [2,7]
Token   8: [3,6] [2,7] [0,6] [1,4] [2,6] [0,3] [2,6] [2,4] [3,7] [1,4] [3,6] [3,7] [0,6] [0,3] [1,4] [1,3] [0,3] [6,7] [1,3] [3,5] [2,3] [5,7] [2,7] [0,4] [2,3] [2,6] [2,3] [1,6] [3,6] [5,7] [3,7] [2,7]
Token   9: [2,6] [2,7] [3,6] [1,4] [2,6] [1,5] [5,6] [2,4] [3,5] [1,4] [3,6] [1,7] [1,6] [2,3] [1,7] [4,7] [4,5] [3,6] [0,2] [1,4] [3,4] [0,6] [0,5] [2,7] [2,5] [1,7] [4,7] [1,7] [0,3] [3,5] [0,7] [2,7]
Token  10: [2,4] [2,4] [0,4] [3,7] [2,5] [1,4] [2,5] [4,6] [0,4] [4,7] [3,5] [2,7] [3,4] [2,6] [4,7] [2,4] [0,1] [2,7] [5,7] [2,5] [1,4] [0,5] [4,5] [3,6] [3,7] [4,6] [4,7] [1,7] [5,6] [1,6] [5,7] [1,5]
Token  11: [0,1] [1,5] [4,5] [0,1] [4,5] [1,4] [2,7] [4,6] [3,4] [0,5] [3,5] [5,7] [4,5] [5,7] [0,4] [2,4] [0,1] [0,2] [6,7] [2,5] [1,2] [0,7] [1,5] [1,3] [0,3] [1,6] [1,4] [1,6] [4,5] [1,6] [2,4] [0,4]
Token  12: [0,1] [6,7] [0,7] [3,5] [1,5] [1,4] [2,5] [5,6] [0,4] [5,6] [0,3] [3,4] [3,5] [0,2] [0,4] [0,3] [3,7] [6,7] [5,7] [0,4] [2,3] [1,5] [0,2] [0,3] [0,3] [1,2] [2,3] [1,5] [3,5] [1,6] [0,5] [2,7]
Token  13: [5,6] [2,4] [0,1] [0,1] [0,7] [0,3] [2,6] [2,4] [0,7] [0,4] [0,3] [3,4] [1,3] [1,2] [1,4] [4,5] [3,5] [6,7] [1,3] [5,6] [2,3] [0,7] [1,2] [0,6] [3,5] [1,6] [2,7] [0,1] [3,6] [5,7] [4,6] [2,4]
Token  14: [3,6] [2,7] [0,6] [1,4] [6,7] [0,3] [2,6] [2,4] [3,4] [5,6] [0,3] [1,4] [4,6] [0,4] [4,7] [0,5] [5,7] [2,6] [0,4] [4,6] [4,5] [1,6] [0,7] [3,7] [5,6] [0,7] [3,5] [2,6] [0,3] [1,3] [3,5] [2,7]
Token  15: [2,5] [2,7] [2,6] [1,4] [3,6] [3,4] [5,6] [2,4] [0,5] [1,4] [3,4] [5,7] [1,2] [2,4] [1,5] [4,6] [5,6] [6,7] [0,3] [4,5] [1,4] [0,5] [0,5] [2,7] [3,5] [1,7] [4,7] [1,7] [0,3] [3,5] [0,4] [2,7]
Token  16: [2,4] [2,6] [0,1] [1,3] [0,4] [1,4] [2,6] [0,4] [3,4] [4,7] [3,5] [5,7] [4,5] [2,7] [0,4] [2,4] [0,1] [0,7] [3,6] [3,5] [4,7] [4,6] [1,5] [0,5] [0,2] [4,7] [1,7] [1,5] [0,5] [1,7] [2,4] [0,4]
Token  17: [0,1] [6,7] [0,7] [3,5] [1,5] [1,4] [2,5] [5,6] [4,5] [4,6] [0,3] [1,4] [3,6] [0,2] [4,5] [0,5] [3,5] [6,7] [5,7] [4,6] [2,3] [5,7] [0,2] [0,3] [2,3] [1,7] [2,5] [1,3] [3,5] [1,6] [0,5] [2,7]
Token  18: [5,6] [2,4] [0,7] [0,1] [0,7] [0,3] [2,6] [2,4] [0,7] [0,4] [0,3] [3,4] [1,3] [1,2] [0,4] [3,4] [3,5] [6,7] [1,5] [0,6] [2,3] [1,7] [1,2] [3,6] [3,5] [1,6] [2,7] [0,1] [3,6] [5,7] [4,6] [2,5]
Token  19: [3,6] [2,7] [0,6] [1,4] [6,7] [1,4] [5,7] [2,5] [3,4] [0,6] [0,3] [2,4] [4,6] [0,7] [5,7] [0,5] [5,7] [5,6] [1,4] [2,7] [3,5] [1,7] [0,1] [2,3] [5,6] [4,7] [3,5] [0,2] [3,6] [1,4] [3,5] [6,7]
Token  20: [2,5] [2,7] [5,6] [0,1] [3,6] [4,7] [2,6] [2,4] [0,3] [1,4] [2,4] [5,7] [1,3] [2,4] [1,5] [4,6] [5,6] [6,7] [0,3] [4,5] [1,4] [0,5] [1,5] [2,7] [3,5] [1,7] [4,7] [1,7] [3,6] [3,5] [0,4] [2,7]
Token  21: [2,4] [2,4] [0,1] [0,7] [0,4] [4,5] [1,2] [5,6] [4,6] [4,5] [3,5] [5,7] [4,5] [2,5] [0,4] [2,4] [1,3] [0,2] [3,7] [2,3] [0,1] [6,7] [1,6] [0,1] [0,3] [6,7] [1,4] [1,5] [4,5] [1,3] [2,4] [0,4]
Token  22: [0,1] [0,7] [0,7] [3,5] [1,5] [3,4] [2,5] [5,6] [4,6] [4,6] [0,2] [0,4] [1,3] [2,7] [0,4] [3,4] [3,5] [6,7] [5,7] [4,6] [2,3] [5,7] [2,4] [0,3] [2,3] [1,7] [2,4] [1,4] [3,5] [1,6] [0,5] [2,7]
Token  23: [5,6] [2,4] [0,7] [0,1] [3,7] [0,3] [2,6] [3,4] [0,7] [0,4] [0,2] [3,4] [1,3] [1,2] [0,4] [4,5] [3,7] [6,7] [1,3] [0,6] [2,3] [0,7] [0,2] [0,6] [3,5] [1,6] [2,7] [0,1] [3,6] [5,7] [4,6] [2,5]
Token  24: [3,6] [2,7] [0,6] [0,4] [6,7] [1,4] [2,4] [3,4] [2,7] [3,4] [0,6] [0,3] [4,6] [0,2] [2,7] [2,5] [3,5] [6,7] [3,4] [0,6] [2,6] [3,7] [0,7] [3,5] [2,6] [2,6] [0,3] [1,7] [3,5] [0,1] [3,5] [2,7]
Token  25: [2,5] [2,7] [5,6] [3,4] [3,6] [4,7] [2,6] [3,4] [0,3] [1,4] [2,4] [3,7] [1,3] [2,4] [1,5] [2,4] [5,6] [6,7] [0,3] [4,5] [0,4] [0,7] [0,5] [2,7] [5,6] [1,7] [4,7] [3,7] [1,3] [3,5] [0,4] [2,7]
Token  26: [2,4] [2,4] [3,4] [6,7] [2,4] [2,5] [2,4] [6,7] [1,3] [4,6] [0,2] [4,7] [1,3] [0,2] [4,7] [2,4] [2,6] [3,6] [0,3] [1,7] [0,4] [2,6] [4,5] [0,7] [5,7] [3,5] [2,7] [0,2] [5,6] [0,3] [3,5] [1,5]
Token  27: [2,5] [2,4] [0,1] [1,3] [1,4] [2,5] [2,4] [3,4] [3,6] [3,4] [5,6] [5,7] [4,5] [2,5] [0,4] [2,4] [1,3] [0,7] [3,6] [3,5] [4,6] [0,7] [1,5] [1,7] [0,5] [3,6] [4,6] [3,6] [4,5] [1,2] [2,6] [0,4]
Token  28: [0,1] [0,7] [0,7] [1,5] [1,5] [2,3] [2,4] [4,6] [3,5] [4,6] [0,2] [3,4] [1,3] [2,4] [0,4] [2,4] [3,7] [6,7] [5,7] [4,6] [2,3] [5,7] [2,4] [0,3] [0,3] [1,6] [2,5] [1,3] [3,5] [1,6] [0,5] [2,7]
Token  29: [5,6] [2,4] [0,7] [0,1] [3,7] [0,3] [5,6] [4,5] [0,7] [0,4] [0,2] [3,4] [1,3] [1,2] [0,4] [3,4] [3,7] [6,7] [0,5] [0,6] [1,3] [1,7] [0,2] [0,3] [0,5] [1,6] [2,7] [1,7] [3,6] [3,5] [0,6] [2,5]
Token  30: [3,6] [2,7] [0,6] [0,4] [6,7] [0,1] [5,6] [2,5] [3,4] [4,6] [0,1] [1,4] [0,6] [0,7] [4,7] [0,5] [5,7] [6,7] [1,6] [3,7] [3,4] [1,6] [0,6] [2,3] [5,6] [4,7] [1,5] [0,2] [2,3] [1,4] [5,7] [4,7]
Token  31: [2,5] [2,7] [5,6] [2,4] [3,6] [4,7] [2,6] [3,4] [0,7] [1,4] [2,4] [3,7] [1,3] [2,4] [1,5] [2,4] [6,7] [6,7] [0,3] [4,5] [1,4] [0,7] [1,5] [0,7] [0,5] [1,7] [4,7] [3,7] [1,3] [3,5] [0,7] [2,7]
Token  32: [2,4] [2,6] [1,3] [6,7] [4,7] [1,2] [2,7] [2,6] [1,4] [4,7] [2,3] [2,4] [3,5] [0,5] [4,5] [2,4] [2,6] [3,7] [0,3] [1,7] [0,4] [2,6] [4,5] [0,7] [5,7] [3,5] [2,7] [0,2] [5,6] [0,3] [3,5] [1,5]
Token  33: [2,5] [2,6] [1,2] [1,7] [0,2] [2,5] [0,6] [3,4] [1,5] [4,7] [2,6] [3,7] [4,5] [2,6] [0,4] [3,7] [3,7] [6,7] [0,6] [4,6] [3,7] [0,7] [3,7] [0,3] [0,3] [3,6] [4,6] [2,3] [1,5] [1,5] [2,6] [0,4]
Token  34: [0,1] [6,7] [5,7] [5,7] [1,5] [3,5] [5,6] [3,4] [5,7] [4,7] [2,7] [3,4] [1,3] [1,2] [0,4] [3,4] [3,7] [6,7] [0,5] [4,6] [2,3] [5,7] [2,4] [0,3] [0,3] [1,7] [2,4] [1,5] [3,5] [1,6] [0,5] [2,7]
Token  35: [5,6] [2,4] [0,7] [0,1] [3,7] [0,3] [2,6] [3,4] [0,7] [0,4] [0,2] [3,7] [0,1] [1,2] [1,5] [4,5] [3,7] [6,7] [0,3] [5,6] [1,3] [1,7] [0,2] [0,3] [0,5] [1,7] [4,7] [0,3] [3,6] [3,5] [0,6] [2,7]
Token  36: [3,6] [2,7] [0,6] [0,4] [6,7] [1,4] [2,4] [2,4] [4,6] [4,6] [0,1] [2,4] [0,3] [0,2] [4,7] [0,5] [5,7] [6,7] [1,6] [2,7] [4,6] [1,7] [0,6] [1,3] [0,6] [1,7] [1,5] [2,5] [2,5] [1,4] [5,7] [4,7]
Token  37: [2,5] [2,7] [5,6] [3,4] [3,6] [4,7] [2,6] [3,4] [0,7] [1,4] [2,4] [3,7] [1,3] [1,2] [1,5] [3,4] [3,7] [6,7] [0,3] [5,6] [1,3] [5,7] [3,5] [0,1] [0,5] [1,7] [4,7] [2,3] [1,3] [3,5] [0,1] [2,7]
Token  38: [2,4] [2,4] [1,3] [6,7] [2,6] [2,7] [2,4] [4,5] [1,3] [1,6] [2,6] [3,7] [1,3] [0,6] [4,6] [3,4] [2,6] [3,7] [0,3] [3,6] [0,3] [2,7] [5,7] [0,5] [0,3] [3,5] [2,7] [1,2] [1,2] [0,3] [3,5] [1,5]
Token  39: [2,3] [4,6] [1,2] [1,6] [2,6] [2,4] [0,2] [3,4] [1,2] [0,4] [2,6] [3,7] [1,3] [5,6] [4,6] [3,5] [1,4] [2,7] [1,3] [3,6] [0,3] [2,7] [1,7] [0,2] [0,6] [3,7] [2,4] [1,3] [3,5] [1,5] [3,5] [1,5]
Token  40: [1,6] [3,5] [2,4] [2,3] [0,3] [0,7] [1,4] [3,4] [2,5] [1,7] [2,6] [3,5] [1,4] [2,6] [0,3] [0,3] [3,7] [6,7] [3,6] [4,6] [2,3] [3,7] [4,6] [0,1] [0,3] [1,7] [4,6] [1,3] [1,3] [1,5] [6,7] [0,2]
Token  41: [0,1] [6,7] [5,7] [3,5] [3,5] [0,3] [5,6] [3,4] [5,7] [0,4] [2,6] [3,4] [1,3] [1,2] [0,4] [3,4] [3,7] [6,7] [5,7] [4,6] [2,3] [5,7] [2,4] [0,3] [0,3] [1,7] [2,4] [1,5] [3,5] [1,6] [5,6] [2,7]
Token  42: [5,6] [1,4] [1,7] [3,5] [2,6] [3,6] [0,2] [5,6] [4,7] [1,7] [2,3] [0,3] [1,3] [1,2] [0,4] [3,4] [5,7] [3,6] [0,4] [4,6] [1,4] [1,7] [4,5] [0,4] [0,7] [1,6] [2,5] [1,3] [3,7] [3,5] [0,4] [2,7]
Token  43: [0,6] [1,7] [5,7] [1,5] [6,7] [0,3] [2,4] [4,5] [4,6] [1,4] [0,3] [0,5] [1,6] [1,2] [1,2] [4,7] [4,5] [3,7] [0,5] [1,5] [0,4] [0,6] [1,5] [2,7] [2,5] [1,7] [4,7] [1,7] [0,3] [3,5] [0,7] [2,7]
Token  44: [2,6] [5,7] [0,4] [3,5] [2,5] [1,4] [5,7] [4,6] [0,4] [4,7] [0,3] [2,7] [4,5] [2,7] [4,7] [3,4] [0,1] [5,6] [5,7] [2,5] [1,7] [0,5] [4,5] [3,6] [0,7] [3,6] [3,4] [1,6] [5,6] [1,7] [5,7] [1,5]
Token  45: [0,1] [1,5] [4,5] [1,3] [4,5] [1,4] [2,7] [4,6] [3,4] [5,6] [3,5] [5,7] [4,5] [2,7] [0,4] [1,2] [1,5] [0,7] [2,6] [2,5] [3,4] [2,7] [1,5] [0,3] [0,3] [6,7] [1,4] [0,1] [1,5] [1,5] [2,7] [0,4]
Token  46: [0,1] [0,7] [0,3] [3,5] [4,5] [0,1] [2,5] [2,5] [0,3] [1,5] [0,3] [5,7] [4,6] [0,7] [4,7] [0,5] [6,7] [1,6] [0,7] [4,6] [1,4] [1,6] [0,7] [3,7] [5,6] [0,7] [3,5] [2,6] [0,5] [0,1] [5,7] [2,5]
Token  47: [5,6] [1,7] [1,3] [3,5] [5,7] [0,6] [2,4] [5,6] [0,4] [4,6] [0,2] [0,1] [3,6] [2,5] [2,4] [1,4] [5,6] [4,7] [0,3] [5,7] [0,4] [0,5] [4,5] [3,4] [4,5] [1,2] [2,7] [1,7] [1,3] [4,5] [0,4] [2,5]
Token  48: [2,6] [0,5] [0,3] [1,3] [5,6] [0,1] [2,7] [2,6] [4,6] [4,6] [0,1] [2,4] [0,3] [0,2] [5,7] [1,5] [0,2] [3,7] [4,5] [1,3] [2,5] [1,4] [0,2] [3,6] [0,3] [2,6] [3,4] [2,5] [2,5] [0,3] [3,5] [1,5]
Token  49: [2,3] [4,5] [1,3] [1,6] [0,5] [0,1] [1,3] [1,5] [2,7] [2,6] [1,7] [2,7] [0,3] [0,1] [2,6] [0,5] [1,2] [3,6] [5,7] [0,1] [2,7] [1,4] [0,7] [4,7] [0,5] [0,4] [0,7] [4,5] [5,7] [0,2] [3,5] [1,5]
Token  50: [0,5] [4,6] [1,6] [1,7] [2,7] [0,2] [0,3] [0,5] [2,7] [2,6] [0,1] [5,7] [0,4] [0,1] [3,6] [0,7] [0,1] [3,6] [5,7] [0,7] [3,6] [1,7] [0,5] [2,3] [5,6] [0,2] [0,5] [4,5] [0,5] [1,2] [3,5] [1,5]
Token  51: [0,1] [5,7] [0,3] [1,3] [2,7] [0,4] [3,5] [2,6] [1,6] [1,6] [4,7] [1,7] [0,6] [0,3] [5,6] [0,7] [0,1] [2,5] [4,5] [1,2] [0,4] [1,4] [0,5] [2,3] [5,6] [0,7] [1,5] [2,6] [0,4] [1,7] [2,7] [1,2]
Token  52: [1,7] [0,3] [4,6] [0,1] [2,3] [4,7] [1,2] [2,7] [1,6] [4,6] [0,3] [2,7] [0,4] [0,1] [2,6] [0,5] [0,2] [3,6] [1,5] [0,1] [3,4] [1,6] [0,1] [1,3] [5,6] [0,7] [3,5] [2,6] [2,5] [1,2] [3,5] [1,4]
Token  53: [1,2] [0,7] [4,5] [0,1] [1,3] [0,6] [5,7] [2,6] [5,6] [0,6] [1,7] [1,5] [0,1] [1,2] [3,6] [1,7] [0,7] [0,5] [4,7] [0,5] [2,4] [1,3] [0,4] [0,3] [5,6] [1,7] [1,5] [0,2] [4,7] [1,7] [2,7] [0,6]
Token  54: [1,4] [0,7] [2,6] [0,1] [2,6] [5,6] [5,6] [5,6] [0,1] [5,6] [1,2] [1,5] [0,1] [1,3] [3,6] [1,7] [0,4] [0,5] [2,7] [0,3] [2,4] [3,4] [0,4] [1,6] [0,1] [0,5] [4,6] [1,2] [6,7] [1,6] [2,4] [0,6]
Token  55: [1,4] [0,2] [3,6] [0,3] [2,5] [1,6] [2,7] [2,6] [4,5] [6,7] [0,1] [4,6] [0,6] [2,7] [1,4] [1,2] [5,6] [1,4] [5,6] [4,6] [0,5] [2,6] [3,5] [1,7] [0,3] [5,7] [2,7] [1,5] [2,7] [0,2] [1,4] [4,6]
Token  56: [4,6] [0,4] [1,6] [0,5] [3,4] [3,6] [2,7] [4,6] [4,6] [4,5] [0,3] [0,6] [6,7] [5,6] [4,7] [1,4] [0,1] [6,7] [0,2] [4,6] [2,5] [2,4] [0,5] [1,3] [0,5] [2,7] [5,7] [5,6] [1,3] [3,6] [1,4] [3,5]
Token  57: [2,3] [2,4] [1,3] [6,7] [1,4] [4,7] [1,2] [5,7] [0,3] [5,6] [0,3] [5,7] [2,7] [0,1] [6,7] [0,3] [0,1] [3,6] [1,5] [1,6] [0,4] [0,7] [1,4] [1,3] [5,6] [2,7] [1,3] [4,6] [5,7] [2,6] [3,5] [1,5]
Token  58: [3,7] [1,4] [2,5] [6,7] [1,7] [4,5] [2,3] [2,5] [0,6] [5,6] [0,3] [5,7] [2,5] [5,6] [5,6] [1,5] [0,1] [2,5] [0,3] [2,7] [5,6] [0,2] [2,4] [3,5] [5,6] [2,7] [5,7] [5,6] [0,4] [1,7] [5,7] [3,5]
Token  59: [1,4] [3,5] [1,2] [5,7] [6,7] [1,4] [3,5] [3,5] [3,6] [4,5] [0,3] [5,7] [2,4] [1,2] [2,5] [1,3] [0,1] [6,7] [5,7] [2,6] [1,7] [2,6] [3,5] [0,3] [6,7] [2,3] [1,7] [3,6] [4,5] [1,7] [5,7] [1,3]
Token  60: [0,1] [4,5] [2,4] [0,5] [6,7] [1,4] [2,4] [3,4] [2,7] [3,4] [0,6] [0,3] [4,6] [0,3] [0,2] [5,7] [3,5] [6,7] [3,4] [0,6] [2,5] [3,7] [0,7] [3,5] [4,6] [2,6] [0,3] [1,7] [3,5] [1,7] [0,5] [1,5]
Token  61: [1,3] [2,5] [1,6] [1,5] [4,7] [1,4] [2,5] [2,5] [2,3] [0,7] [0,1] [4,5] [4,6] [0,7] [5,7] [0,5] [5,7] [6,7] [0,4] [4,6] [3,4] [1,6] [0,1] [0,3] [5,6] [0,7] [3,5] [2,6] [3,5] [1,7] [2,5] [1,3]
Token  62: [3,6] [3,6] [5,6] [1,7] [1,7] [2,4] [5,6] [2,5] [2,6] [4,7] [0,3] [5,7] [5,7] [2,6] [3,5] [1,7] [0,7] [2,5] [4,7] [2,7] [3,5] [2,4] [4,5] [3,4] [5,6] [2,3] [5,7] [6,7] [0,4] [1,7] [5,7] [1,3]
Token  63: [4,7] [3,7] [2,5] [3,5] [1,7] [1,4] [5,7] [2,6] [4,6] [4,7] [0,1] [4,5] [4,7] [2,7] [2,4] [1,7] [0,1] [0,2] [2,6] [2,3] [2,3] [2,3] [3,5] [1,6] [6,7] [3,4] [1,5] [2,7] [0,4] [0,2] [2,6] [0,4]
Token  64: [0,1] [0,6] [3,6] [2,4] [2,7] [0,4] [0,2] [4,6] [5,6] [3,4] [0,4] [0,3] [6,7] [0,4] [1,4] [1,5] [6,7] [1,5] [1,6] [0,6] [2,4] [4,6] [1,5] [2,7] [0,3] [3,4] [3,7] [6,7] [4,5] [3,4] [3,4] [2,6]
Token  65: [4,5] [0,1] [5,6] [4,6] [5,6] [1,4] [5,7] [0,6] [2,5] [4,6] [0,4] [1,4] [6,7] [2,4] [2,4] [5,6] [2,5] [4,5] [3,6] [5,7] [3,4] [1,5] [0,5] [3,4] [4,6] [3,6] [3,7] [4,6] [1,2] [4,5] [0,4] [3,6]
Token  66: [2,5] [5,7] [5,7] [0,1] [5,7] [0,4] [2,5] [2,6] [0,4] [0,4] [2,5] [2,7] [4,6] [2,3] [1,4] [4,6] [2,4] [2,4] [6,7] [0,3] [2,4] [6,7] [5,7] [1,2] [1,6] [0,3] [0,4] [2,6] [5,7] [2,3] [1,2] [0,6]
Token  67: [1,4] [1,4] [5,6] [0,5] [1,7] [3,7] [3,7] [1,6] [3,5] [0,3] [4,5] [0,6] [2,6] [0,5] [2,4] [2,6] [4,6] [1,5] [1,3] [0,4] [1,6] [1,6] [0,5] [3,4] [5,6] [3,4] [2,5] [4,6] [1,2] [4,5] [0,1] [2,6]
Token  68: [0,1] [6,7] [0,6] [4,6] [3,4] [6,7] [6,7] [1,4] [3,4] [0,6] [3,4] [1,7] [4,6] [1,6] [4,7] [0,4] [0,3] [6,7] [0,2] [0,4] [1,5] [1,3] [0,5] [0,3] [0,2] [5,6] [2,3] [5,6] [1,3] [6,7] [1,3] [1,5]
Token  69: [3,7] [2,5] [1,5] [5,6] [4,6] [5,7] [2,5] [2,3] [0,3] [5,7] [1,3] [5,7] [4,7] [2,6] [3,4] [4,7] [1,6] [0,7] [2,4] [0,3] [1,7] [1,6] [2,5] [1,7] [3,6] [0,4] [0,1] [1,2] [0,4] [0,1] [2,6] [0,4]
Token  70: [3,5] [0,3] [2,4] [3,4] [6,7] [1,4] [2,5] [1,3] [0,3] [0,7] [2,4] [0,1] [6,7] [4,6] [4,5] [5,6] [6,7] [4,5] [1,3] [1,4] [1,5] [1,6] [0,5] [0,3] [1,5] [3,4] [2,3] [4,6] [2,6] [4,7] [0,1] [3,6]
Token  71: [5,7] [2,5] [1,5] [0,5] [1,4] [6,7] [2,6] [2,3] [0,3] [0,6] [1,3] [2,5] [4,7] [2,7] [2,3] [4,7] [2,6] [0,2] [2,6] [0,5] [3,7] [0,6] [0,5] [1,2] [4,6] [0,4] [1,2] [1,2] [0,7] [0,2] [2,6] [0,4]
Token  72: [1,4] [1,6] [3,7] [2,4] [2,7] [0,4] [0,2] [1,4] [0,3] [0,3] [4,7] [1,4] [6,7] [0,4] [1,4] [0,5] [6,7] [1,5] [1,6] [0,6] [0,4] [1,6] [1,5] [2,3] [0,5] [3,5] [0,3] [6,7] [1,5] [3,4] [3,4] [3,6]
Token  73: [4,5] [1,4] [1,7] [4,6] [2,3] [0,1] [2,7] [3,4] [3,4] [1,4] [0,3] [1,7] [6,7] [0,6] [4,7] [3,4] [0,3] [6,7] [0,2] [0,4] [0,5] [1,3] [0,5] [1,3] [0,5] [3,5] [3,7] [0,5] [1,3] [3,6] [1,3] [1,3]
Token  74: [2,3] [1,5] [2,4] [5,6] [2,4] [0,1] [5,7] [3,4] [1,3] [1,4] [3,6] [3,7] [4,6] [1,6] [4,7] [1,4] [0,1] [3,6] [1,7] [0,6] [3,7] [1,7] [0,2] [0,3] [0,1] [3,6] [3,5] [1,6] [0,7] [0,2] [3,5] [1,5]
Token  75: [2,7] [3,4] [1,2] [0,2] [4,6] [0,4] [5,7] [1,4] [0,5] [0,4] [3,4] [1,7] [2,6] [5,6] [5,6] [1,5] [4,7] [5,6] [0,3] [4,6] [3,5] [1,3] [0,5] [2,3] [0,5] [3,6] [3,5] [5,6] [1,2] [3,6] [1,3] [3,5]
Token  76: [1,4] [4,5] [1,5] [0,4] [0,2] [4,5] [2,7] [5,6] [1,6] [1,4] [3,5] [3,6] [4,7] [6,7] [0,3] [1,7] [1,3] [0,1] [4,7] [2,3] [3,7] [3,4] [1,3] [1,6] [0,7] [3,4] [1,4] [1,6] [0,4] [0,6] [2,6] [0,4]
Token  77: [1,5] [0,6] [4,6] [4,6] [3,7] [0,4] [5,7] [1,4] [4,5] [0,1] [4,7] [0,1] [2,6] [0,4] [1,5] [1,6] [5,7] [1,5] [1,3] [4,6] [3,4] [1,6] [1,5] [2,3] [0,5] [3,5] [1,3] [0,6] [0,4] [3,4] [3,7] [2,7]
Token  78: [2,7] [4,5] [0,3] [6,7] [2,4] [3,4] [1,5] [1,5] [2,6] [4,7] [1,3] [2,7] [0,4] [6,7] [0,3] [1,7] [0,1] [0,2] [2,5] [2,3] [3,7] [3,6] [3,6] [1,3] [4,5] [3,6] [1,4] [0,2] [0,4] [0,2] [2,6] [0,4]
Token  79: [1,7] [0,1] [2,3] [2,4] [2,7] [1,7] [1,2] [3,5] [1,4] [0,4] [4,7] [1,7] [6,7] [0,4] [1,4] [3,5] [4,6] [1,5] [3,6] [4,5] [3,6] [4,6] [0,5] [1,2] [0,5] [5,7] [1,3] [0,3] [1,4] [3,4] [3,7] [2,7]
Token  80: [5,7] [3,5] [0,4] [0,7] [1,4] [2,5] [1,5] [2,5] [3,4] [4,6] [0,3] [1,4] [4,6] [0,6] [2,7] [0,5] [5,7] [6,7] [0,1] [4,6] [3,4] [1,6] [0,1] [0,3] [5,6] [0,7] [3,5] [0,2] [3,6] [1,7] [3,5] [1,5]
Token  81: [1,7] [4,5] [0,4] [0,6] [2,6] [0,2] [1,5] [1,3] [1,4] [4,6] [3,7] [2,7] [0,2] [0,6] [5,6] [1,3] [0,4] [0,7] [1,5] [3,6] [2,4] [1,2] [0,5] [3,4] [4,5] [3,7] [0,3] [0,4] [0,4] [1,7] [6,7] [0,2]
Token  82: [1,4] [3,5] [5,7] [6,7] [1,7] [2,3] [1,5] [2,3] [1,6] [4,6] [0,3] [5,7] [0,4] [2,7] [0,3] [1,7] [0,4] [0,2] [2,4] [2,3] [2,3] [4,6] [0,3] [1,6] [4,5] [4,6] [1,6] [0,2] [0,4] [1,2] [2,6] [0,4]
Token  83: [0,7] [0,6] [0,7] [3,5] [1,5] [1,3] [5,6] [5,6] [0,5] [4,6] [0,5] [4,7] [3,6] [2,4] [0,4] [0,2] [5,6] [4,5] [0,3] [5,7] [0,4] [2,5] [5,6] [3,4] [4,6] [1,3] [3,7] [6,7] [1,3] [4,5] [0,4] [2,7]
Token  84: [3,5] [0,3] [2,6] [3,5] [5,7] [1,5] [6,7] [0,6] [3,4] [4,6] [0,2] [1,4] [3,6] [2,3] [4,7] [0,3] [1,3] [2,5] [0,2] [1,4] [3,5] [0,5] [0,5] [4,7] [0,1] [1,6] [3,5] [5,6] [1,2] [3,6] [0,1] [3,5]
Token  85: [2,7] [1,2] [5,7] [3,5] [1,2] [1,4] [5,7] [2,6] [0,4] [4,7] [1,3] [2,4] [4,7] [2,3] [1,4] [3,4] [1,2] [2,5] [6,7] [0,3] [2,7] [0,5] [4,5] [1,6] [1,7] [0,6] [4,6] [1,2] [6,7] [1,6] [2,4] [0,6]
Token  86: [0,1] [2,7] [6,7] [3,5] [2,5] [1,5] [2,4] [0,6] [4,5] [4,7] [0,2] [0,6] [5,6] [2,5] [4,7] [2,3] [5,6] [1,4] [5,6] [4,6] [0,5] [2,6] [3,5] [1,5] [0,3] [5,7] [2,7] [2,5] [2,7] [0,2] [1,4] [4,6]
Token  87: [6,7] [1,3] [5,6] [0,7] [4,7] [1,4] [2,7] [4,6] [3,4] [4,5] [2,5] [0,7] [4,6] [3,5] [0,4] [2,3] [1,2] [0,1] [3,7] [5,6] [1,6] [1,6] [5,6] [1,3] [3,5] [4,7] [1,7] [0,4] [0,4] [0,2] [4,6] [0,4]
Token  88: [0,4] [2,4] [0,3] [4,7] [2,4] [1,5] [1,5] [1,2] [3,5] [4,5] [4,7] [0,7] [2,6] [0,4] [1,4] [5,6] [0,7] [1,5] [1,6] [0,6] [6,7] [0,6] [0,5] [1,7] [0,3] [2,3] [0,7] [4,6] [1,4] [3,4] [3,6] [2,6]
Token  89: [5,7] [0,4] [0,1] [4,6] [2,3] [1,5] [2,7] [4,6] [3,4] [4,5] [3,5] [0,7] [2,6] [0,6] [4,7] [3,4] [0,7] [6,7] [0,2] [0,6] [5,6] [1,3] [0,5] [3,7] [0,3] [5,6] [3,7] [2,6] [1,3] [3,6] [1,4] [1,3]
Token  90: [3,7] [1,3] [1,2] [4,7] [2,3] [0,4] [1,4] [4,7] [1,3] [4,5] [2,3] [3,7] [2,7] [1,6] [4,6] [1,7] [0,1] [3,6] [3,7] [0,6] [1,4] [4,6] [1,7] [0,1] [0,1] [2,6] [1,2] [2,7] [3,6] [1,7] [5,7] [1,3]
Token  91: [0,2] [3,4] [2,6] [0,7] [6,7] [1,4] [2,4] [3,4] [2,7] [3,4] [0,6] [0,3] [4,6] [0,2] [0,2] [2,5] [3,7] [6,7] [3,4] [0,1] [2,6] [3,7] [0,7] [3,5] [1,6] [2,6] [0,3] [1,7] [3,5] [1,7] [0,5] [1,5]
Token  92: [1,3] [3,6] [4,5] [5,7] [4,6] [0,4] [1,7] [3,4] [5,6] [4,5] [0,3] [3,7] [0,2] [5,6] [3,6] [1,5] [0,7] [1,5] [4,7] [0,2] [2,6] [0,1] [0,5] [0,3] [5,6] [2,6] [5,7] [3,6] [0,4] [1,6] [3,7] [3,5]
Token  93: [1,3] [1,3] [5,7] [4,7] [0,6] [4,5] [2,7] [4,6] [3,5] [4,5] [3,5] [3,7] [4,7] [2,7] [0,3] [1,7] [1,2] [0,1] [2,6] [2,3] [2,7] [0,6] [3,5] [1,3] [5,6] [1,7] [1,5] [0,1] [0,4] [0,2] [2,6] [0,4]
Token  94: [0,1] [6,7] [0,6] [3,5] [1,5] [1,3] [5,6] [1,6] [0,5] [5,6] [0,2] [3,4] [3,6] [4,7] [0,4] [0,5] [2,5] [2,4] [2,5] [0,3] [2,4] [2,6] [2,4] [1,6] [4,7] [0,7] [2,4] [2,7] [3,7] [2,5] [4,6] [4,6]
Token  95: [3,5] [0,5] [2,3] [5,6] [6,7] [1,2] [0,3] [0,5] [3,5] [4,6] [0,4] [4,7] [3,6] [4,7] [4,6] [5,6] [2,5] [4,5] [1,3] [4,5] [2,4] [0,5] [2,5] [4,7] [0,3] [2,3] [0,7] [4,6] [1,3] [4,5] [0,3] [3,6]
Token  96: [5,7] [3,5] [5,7] [0,1] [5,7] [0,4] [2,3] [2,6] [3,4] [0,4] [2,5] [2,7] [4,6] [2,3] [1,4] [4,6] [2,4] [2,4] [6,7] [0,3] [2,4] [6,7] [5,7] [1,2] [1,6] [0,3] [0,4] [1,2] [6,7] [0,2] [1,2] [4,6]
Token  97: [1,4] [1,4] [5,6] [0,5] [1,7] [3,7] [3,7] [1,6] [0,3] [0,5] [4,5] [0,6] [2,6] [0,5] [2,4] [2,6] [2,6] [1,5] [3,6] [0,5] [1,6] [1,6] [0,5] [3,4] [1,5] [3,4] [0,7] [4,6] [1,2] [4,5] [0,1] [2,6]
Token  98: [4,7] [6,7] [0,1] [4,6] [3,4] [6,7] [0,6] [1,4] [3,4] [0,4] [3,4] [1,7] [4,6] [1,6] [4,7] [0,4] [0,3] [6,7] [0,2] [0,4] [1,5] [1,3] [0,5] [0,3] [1,5] [4,6] [2,3] [5,6] [2,3] [6,7] [1,3] [1,5]
Token  99: [3,7] [1,2] [0,4] [4,5] [4,6] [0,1] [6,7] [1,6] [0,3] [0,5] [2,3] [1,7] [2,6] [5,6] [4,6] [6,7] [0,4] [1,6] [0,3] [0,5] [0,1] [0,1] [0,1] [0,3] [1,2] [2,6] [2,3] [5,6] [0,2] [6,7] [0,1] [1,3]
Token 100: [2,3] [2,3] [4,5] [0,3] [2,4] [0,5] [6,7] [2,3] [3,4] [0,4] [1,3] [5,7] [4,7] [2,7] [3,4] [4,7] [2,6] [0,2] [2,6] [0,2] [1,7] [0,6] [0,3] [1,6] [3,5] [4,7] [1,4] [0,2] [0,4] [0,2] [2,6] [0,4]
Token 101: [0,1] [1,6] [3,4] [2,4] [2,7] [1,7] [0,2] [1,7] [3,6] [0,3] [4,7] [0,1] [1,4] [0,7] [1,4] [2,5] [4,6] [1,5] [1,6] [5,6] [5,6] [0,6] [1,2] [1,7] [0,1] [2,5] [0,3] [4,6] [4,5] [3,4] [6,7] [2,6]
Token 102: [5,7] [3,4] [1,7] [2,6] [0,3] [1,4] [2,3] [0,2] [3,4] [5,7] [0,3] [4,5] [2,4] [0,7] [4,7] [0,5] [0,7] [6,7] [0,7] [0,6] [1,6] [1,6] [0,2] [1,7] [1,3] [5,6] [2,3] [0,5] [4,5] [6,7] [1,5] [1,5]
Token 103: [3,7] [1,4] [4,6] [1,6] [0,1] [5,7] [2,6] [2,6] [3,6] [2,5] [1,2] [5,7] [1,4] [4,7] [0,3] [0,7] [2,6] [0,6] [2,6] [2,5] [1,7] [6,7] [0,2] [1,6] [1,5] [3,4] [1,6] [0,2] [0,4] [0,2] [2,6] [0,4]
Token 104: [0,7] [5,6] [0,7] [3,5] [1,5] [2,3] [5,6] [5,6] [0,5] [4,5] [0,5] [3,4] [3,6] [2,4] [0,4] [0,5] [5,6] [2,4] [0,3] [5,7] [4,6] [2,5] [5,7] [4,7] [1,4] [1,3] [3,7] [6,7] [1,3] [4,5] [0,4] [2,7]
Token 105: [3,5] [0,3] [2,6] [2,3] [5,7] [5,6] [2,6] [0,6] [3,4] [4,6] [0,2] [1,4] [3,6] [2,3] [4,7] [0,3] [2,3] [2,5] [0,2] [1,4] [1,5] [0,5] [0,5] [4,7] [0,1] [1,6] [3,5] [5,6] [1,2] [3,6] [0,1] [3,5]
Token 106: [2,3] [1,2] [5,7] [0,1] [5,7] [0,4] [2,7] [2,6] [3,4] [0,4] [2,6] [2,7] [4,6] [2,5] [1,4] [3,4] [2,6] [2,5] [6,7] [0,7] [2,4] [6,7] [5,7] [2,5] [1,6] [0,4] [0,4] [2,5] [2,7] [1,3] [1,2] [0,6]
Token 107: [0,1] [1,2] [5,7] [0,4] [2,5] [0,2] [1,4] [0,2] [1,3] [1,5] [2,5] [4,7] [1,6] [3,5] [4,5] [5,6] [4,6] [4,7] [6,7] [0,3] [4,6] [1,6] [5,7] [1,2] [1,6] [0,3] [0,4] [2,5] [6,7] [2,3] [1,2] [3,6]
Token 108: [5,6] [1,3] [5,6] [0,3] [0,1] [3,5] [1,6] [0,6] [1,3] [2,5] [3,5] [5,7] [2,4] [0,5] [3,6] [2,6] [2,6] [0,7] [3,7] [0,5] [1,5] [0,1] [0,7] [2,7] [3,5] [3,7] [0,1] [4,6] [4,5] [0,4] [0,6] [3,6]
Token 109: [0,4] [3,6] [1,5] [2,7] [5,6] [6,7] [3,4] [1,3] [0,3] [0,2] [3,5] [0,1] [6,7] [0,6] [2,7] [0,4] [3,4] [5,6] [0,2] [4,6] [1,5] [1,3] [0,5] [0,7] [1,2] [1,6] [2,3] [4,6] [1,2] [1,6] [0,1] [3,5]
Token 110: [2,4] [2,4] [0,5] [0,3] [2,4] [0,5] [6,7] [2,3] [3,4] [0,5] [1,3] [2,5] [4,7] [2,7] [3,4] [2,4] [2,6] [0,1] [2,4] [0,5] [1,7] [4,6] [0,6] [1,6] [3,5] [4,7] [0,1] [0,4] [4,5] [0,2] [2,6] [0,4]
Token 111: [1,2] [1,3] [2,4] [2,3] [2,7] [2,3] [1,2] [0,1] [3,6] [2,5] [4,5] [1,7] [1,2] [4,5] [1,3] [2,6] [2,6] [1,5] [3,6] [0,5] [5,6] [4,6] [1,5] [2,6] [3,7] [3,4] [1,3] [0,4] [4,5] [0,4] [3,6] [4,6]
Token 112: [5,7] [3,4] [5,7] [1,2] [3,7] [2,6] [2,7] [0,4] [3,4] [5,7] [3,4] [0,1] [4,6] [0,6] [1,7] [0,3] [0,3] [5,6] [0,2] [4,6] [0,1] [0,1] [0,1] [0,4] [0,2] [3,5] [3,5] [0,6] [1,2] [3,6] [0,1] [3,5]
Token 113: [2,3] [1,5] [1,5] [1,6] [0,1] [1,4] [2,7] [0,2] [3,4] [5,7] [0,3] [2,5] [2,4] [1,7] [3,4] [0,3] [0,1] [5,6] [5,7] [1,6] [1,3] [6,7] [4,5] [1,3] [3,6] [3,6] [0,1] [3,4] [4,5] [1,6] [2,5] [1,5]
Token 114: [1,2] [1,7] [4,5] [0,1] [4,6] [1,5] [2,7] [0,4] [3,4] [5,7] [1,3] [5,7] [4,7] [2,7] [0,3] [3,7] [2,7] [0,2] [2,7] [2,5] [1,7] [2,6] [3,6] [1,3] [3,5] [4,6] [1,2] [0,2] [0,4] [0,2] [2,6] [0,4]
Token 115: [0,1] [0,6] [0,7] [3,5] [1,5] [2,3] [1,5] [1,6] [0,3] [2,5] [0,5] [0,4] [3,6] [4,7] [0,5] [0,5] [2,5] [2,4] [2,5] [0,3] [4,6] [2,6] [0,7] [2,4] [1,7] [0,3] [4,7] [2,7] [3,7] [2,5] [4,6] [4,6]
Token 116: [3,5] [0,6] [3,7] [3,6] [3,6] [3,7] [1,5] [0,6] [0,3] [5,6] [0,5] [4,7] [3,6] [2,4] [1,5] [0,6] [2,5] [2,4] [0,5] [0,7] [4,6] [2,5] [0,7] [4,7] [1,7] [0,3] [0,4] [2,6] [5,7] [3,5] [1,4] [4,6]
Token 117: [3,7] [0,3] [3,7] [2,4] [2,5] [0,2] [1,4] [0,2] [1,3] [1,5] [2,5] [0,4] [2,6] [2,5] [4,5] [5,6] [4,5] [4,7] [6,7] [0,3] [4,6] [1,6] [0,7] [2,5] [1,7] [0,3] [0,4] [2,6] [0,7] [2,3] [1,5] [4,6]
Token 118: [5,6] [1,3] [5,6] [0,5] [2,6] [0,3] [0,1] [0,4] [0,3] [2,5] [5,7] [0,6] [2,6] [0,5] [5,6] [5,6] [2,7] [4,5] [1,3] [4,5] [1,6] [4,6] [1,7] [4,7] [1,7] [1,2] [0,7] [4,6] [5,6] [4,5] [3,5] [3,6]
Token 119: [0,5] [3,6] [0,2] [4,6] [2,3] [0,1] [1,6] [1,4] [0,3] [5,6] [3,7] [0,1] [2,6] [1,6] [4,7] [0,3] [0,3] [6,7] [0,2] [0,4] [5,6] [1,3] [0,7] [3,7] [1,5] [0,1] [0,3] [5,6] [0,3] [3,6] [1,3] [1,5]
Token 120: [3,5] [1,3] [2,4] [5,7] [0,3] [1,5] [2,6] [6,7] [2,6] [1,7] [2,5] [3,7] [1,7] [3,6] [0,4] [4,5] [1,3] [1,7] [4,7] [5,6] [2,7] [4,7] [1,2] [2,5] [1,6] [1,4] [0,6] [3,6] [2,4] [1,7] [4,6] [3,4]
Token 121: [2,3] [0,3] [0,2] [5,7] [3,7] [0,1] [4,6] [1,4] [0,3] [1,7] [3,4] [5,7] [2,6] [4,6] [5,6] [5,6] [4,7] [4,6] [0,3] [4,5] [1,5] [0,4] [1,5] [4,7] [1,7] [1,2] [3,7] [4,6] [2,6] [4,7] [1,3] [3,6]
Token 122: [2,7] [3,5] [1,4] [0,3] [2,4] [5,7] [0,6] [2,3] [0,3] [1,5] [1,3] [3,5] [2,4] [6,7] [3,4] [4,7] [1,7] [0,2] [2,6] [2,5] [1,7] [0,2] [3,6] [1,6] [3,5] [3,4] [1,4] [0,2] [0,4] [0,2] [4,6] [0,4]
Token 123: [0,1] [3,6] [4,7] [3,4] [1,6] [3,7] [1,6] [1,2] [0,3] [0,1] [0,2] [0,3] [3,6] [2,6] [5,6] [5,6] [5,7] [4,5] [0,5] [1,4] [5,6] [4,7] [1,7] [4,7] [1,7] [1,6] [4,5] [4,6] [2,6] [4,7] [3,7] [3,6]
Token 124: [3,7] [1,5] [1,4] [5,6] [2,4] [0,5] [0,6] [4,7] [1,3] [1,7] [1,3] [3,5] [4,7] [2,7] [0,3] [4,7] [1,7] [0,2] [2,6] [2,5] [1,7] [0,6] [3,6] [1,6] [0,5] [3,4] [1,6] [0,2] [0,4] [0,2] [4,6] [0,4]
Token 125: [1,4] [1,6] [3,7] [4,5] [3,7] [0,4] [1,6] [1,5] [0,3] [3,5] [4,7] [3,4] [6,7] [0,4] [1,2] [0,6] [4,6] [4,6] [3,6] [0,3] [3,4] [2,6] [0,7] [2,5] [6,7] [0,5] [0,4] [2,4] [6,7] [2,3] [1,3] [4,6]
Token 126: [5,7] [1,3] [5,6] [0,5] [0,1] [0,4] [3,7] [0,2] [3,4] [3,5] [3,5] [5,6] [2,5] [0,5] [2,3] [2,6] [4,6] [1,3] [3,7] [0,5] [3,5] [0,1] [0,7] [3,4] [4,7] [3,6] [3,7] [4,6] [1,5] [0,4] [0,3] [3,6]
Token 127: [0,1] [5,7] [4,5] [0,1] [1,4] [3,6] [0,2] [0,2] [3,4] [0,7] [1,3] [2,5] [4,7] [2,7] [3,4] [4,7] [2,4] [0,2] [2,6] [2,5] [1,7] [0,3] [0,6] [1,6] [3,5] [4,6] [1,6] [0,2] [4,5] [0,2] [2,6] [0,4]
